1000 9906
677 895
825 964
609 621
810 39
351 304
833 593
9 183
301 711
674 163
566 381
542 506
820 248
531 903
644 430
422 52
137 164
137 423
108 713
749 637
994 554
62 238
623 459
246 458
378 50
434 192
914 182
364 1
221 648
426 474
596 436
743 519
196 858
674 726
605 546
143 521
572 429
340 297
294 687
723 555
770 950
767 274
914 344
288 708
365 762
439 279
331 438
197 449
805 130
98 262
652 315
323 631
503 797
931 884
698 585
382 214
226 418
905 837
732 888
733 465
735 289
707 72
11 867
819 568
784 442
831 757
266 831
784 304
219 885
702 866
944 438
157 439
159 345
253 46
181 305
702 717
941 279
764 926
358 747
31 275
436 865
597 495
300 304
674 485
897 258
293 905
773 511
788 593
622 262
289 50
207 964
545 481
103 867
513 835
703 80
794 860
66 55
858 11
198 536
682 221
419 945
521 217
209 549
337 616
34 462
363 488
986 147
273 768
296 447
773 947
902 601
446 293
873 565
30 932
365 299
856 262
268 652
450 555
472 15
738 422
154 295
174 802
265 582
29 260
213 888
307 511
123 489
331 453
451 292
207 350
135 717
9 585
343 814
969 331
861 813
477 36
114 862
79 784
563 95
81 972
36 997
554 614
866 948
439 25
417 635
373 390
230 17
486 239
822 373
328 25
291 495
989 220
495 151
723 496
281 133
543 165
521 863
168 753
889 585
341 750
175 982
362 843
717 323
936 758
738 702
794 764
924 675
284 514
506 926
471 492
681 838
888 155
595 904
564 633
489 725
445 610
800 607
637 142
233 728
87 173
898 880
527 277
142 813
824 196
351 409
417 844
211 597
691 532
159 774
280 16
436 185
37 64
241 39
961 494
820 39
605 983
833 212
725 494
86 312
217 191
806 33
628 792
900 46
938 889
888 836
155 113
251 488
179 172
957 60
593 939
409 510
1000 577
641 827
438 623
562 287
579 647
675 580
991 658
541 735
297 217
748 389
272 745
839 990
280 619
278 970
947 393
180 691
790 81
159 98
931 925
72 727
429 472
784 233
128 845
920 473
413 643
222 657
831 525
962 684
45 136
673 679
497 563
280 39
724 546
837 269
231 562
166 501
155 834
444 985
733 989
972 699
133 775
9 336
851 526
981 579
195 466
437 433
846 791
205 181
693 224
569 434
532 34
80 33
578 288
336 187
371 216
764 27
986 13
554 329
204 66
354 435
562 236
718 25
765 703
451 640
460 299
983 491
30 621
489 781
18 13
518 710
406 748
929 645
839 126
578 742
199 991
280 349
39 630
334 834
221 54
783 343
731 910
349 97
199 876
19 506
493 591
670 831
56 223
547 471
515 890
239 816
844 758
103 877
871 271
563 582
140 237
692 898
417 848
933 440
136 368
739 361
278 103
467 42
433 206
861 134
5 880
406 155
620 819
384 421
81 621
11 838
481 905
900 868
776 682
779 381
85 990
15 598
604 462
849 497
945 934
874 68
837 336
290 245
879 309
951 200
935 711
811 957
168 713
57 251
392 605
889 513
347 125
333 2
172 128
87 119
475 977
665 257
205 200
764 857
177 623
252 37
971 529
440 423
494 222
208 67
172 934
388 82
293 758
768 109
58 260
985 318
622 69
868 205
616 126
959 790
835 284
568 129
877 905
968 699
916 699
956 632
204 245
43 689
9 993
708 677
566 527
130 599
882 880
924 77
819 161
92 997
347 884
611 3
4 179
922 602
27 114
929 530
566 809
74 443
899 166
114 360
520 209
848 590
597 973
545 610
704 328
74 10
423 584
22 826
723 923
151 386
410 8
486 791
641 924
503 436
128 632
491 828
206 289
251 321
193 682
547 423
969 25
550 558
384 385
221 252
222 591
371 275
768 551
624 417
861 396
171 600
530 147
690 308
642 179
922 419
427 771
928 812
746 111
824 749
471 90
292 639
31 423
572 748
233 961
977 450
261 281
209 88
281 635
546 185
380 7
806 751
54 320
661 216
755 245
594 333
158 290
930 203
694 912
795 715
78 501
782 503
51 915
471 670
132 296
740 69
498 856
542 471
446 456
963 830
125 535
75 302
203 245
811 498
977 910
651 589
925 358
820 76
198 424
271 276
961 434
857 193
753 48
536 554
683 845
813 790
406 660
942 586
438 741
485 994
913 81
184 627
772 156
922 801
56 965
139 521
527 906
143 925
257 582
477 35
792 993
615 765
980 78
726 574
782 764
452 743
308 835
791 118
25 339
117 253
300 947
146 532
158 529
857 558
896 682
191 140
535 141
337 434
139 324
656 42
106 241
178 290
49 666
707 649
215 422
895 256
611 729
940 769
393 578
157 489
12 300
725 182
385 230
224 842
525 746
936 759
21 443
849 330
833 845
461 4
86 659
33 261
824 632
285 257
328 839
578 571
336 434
85 601
86 770
416 506
882 357
756 702
82 605
998 599
276 200
159 739
56 192
110 119
574 646
940 357
777 864
967 941
455 217
845 337
773 244
526 980
896 812
677 616
576 824
518 328
460 256
924 151
262 522
29 309
412 419
269 486
863 386
186 784
743 872
490 990
472 125
476 669
421 12
598 196
363 245
425 568
297 135
317 220
65 355
895 787
232 592
331 480
322 741
346 26
843 269
969 503
698 671
53 996
348 788
975 169
325 484
609 185
3 352
405 444
706 801
410 354
429 70
68 282
736 292
646 625
149 967
25 73
667 950
851 213
693 698
270 869
633 6
888 78
120 184
690 764
215 315
99 834
971 325
385 371
519 48
483 910
617 914
229 92
307 702
896 586
719 149
261 337
617 35
621 603
52 362
234 629
219 459
864 900
885 818
856 788
485 388
570 858
935 102
919 893
643 640
583 560
582 909
195 627
189 497
317 316
392 77
981 789
878 391
686 977
243 652
227 51
959 834
728 492
484 674
251 169
327 118
414 717
576 544
457 806
228 300
94 176
701 376
27 105
563 331
835 750
882 559
776 128
995 788
463 778
924 264
728 185
66 544
217 436
933 470
41 230
938 636
559 108
562 256
357 644
857 836
732 624
948 565
632 803
207 134
335 125
726 614
788 817
438 894
793 669
885 15
265 356
841 169
738 291
353 775
889 181
102 186
487 372
897 888
239 503
222 739
908 344
582 259
231 883
234 149
460 420
755 845
112 761
24 363
78 34
724 976
447 299
283 794
896 333
519 391
286 126
91 450
812 34
464 176
22 553
941 723
512 413
90 185
241 307
285 746
281 696
546 116
944 121
437 261
943 403
872 122
565 57
379 26
181 768
133 173
100 848
835 287
821 208
678 891
971 207
147 769
792 458
332 259
918 936
84 428
624 681
550 129
878 274
311 663
60 405
481 712
64 260
982 316
491 499
660 560
798 146
977 732
433 446
554 878
904 881
190 530
212 46
288 587
252 831
880 112
165 848
500 353
836 667
636 661
729 365
896 848
623 905
572 141
168 219
995 750
304 395
571 463
19 868
993 17
794 34
904 574
418 227
415 62
474 614
26 285
883 510
520 622
561 326
429 398
822 367
635 275
662 196
774 514
837 418
768 727
93 850
432 156
140 677
604 66
767 950
827 485
722 245
758 735
797 709
571 523
158 1
50 694
457 648
167 973
977 449
834 586
858 324
180 360
646 901
198 72
8 569
225 541
160 980
43 204
345 472
819 482
493 176
975 872
484 949
468 530
431 654
161 510
817 485
435 493
912 829
861 724
93 153
388 66
962 279
640 763
386 575
773 945
504 708
907 823
89 110
571 958
879 163
939 486
597 142
330 262
178 780
571 815
517 461
724 263
395 533
255 415
442 600
95 358
826 454
815 651
763 472
726 716
838 394
884 718
404 668
222 895
546 965
31 927
734 218
120 848
961 622
836 526
728 911
50 135
453 218
663 386
576 67
280 640
776 517
390 709
447 572
432 459
589 707
36 197
888 452
135 147
814 26
709 58
233 241
727 719
249 639
343 477
789 227
42 952
831 632
929 480
106 291
34 196
876 707
327 969
314 180
798 130
964 174
488 255
737 508
450 1000
498 8
264 720
68 778
17 776
507 249
538 216
76 301
665 760
315 947
262 862
830 365
912 906
55 835
986 55
398 473
687 605
997 405
285 825
899 549
682 191
269 47
617 386
602 502
783 95
80 500
320 259
761 753
179 456
161 597
838 570
97 599
459 840
598 197
965 590
801 421
53 592
448 302
464 881
192 797
31 605
571 183
295 984
98 490
72 529
948 594
472 267
145 347
519 841
357 887
374 694
140 90
608 530
353 698
139 274
858 934
505 310
70 302
40 365
760 316
210 933
301 122
20 742
186 202
689 209
603 567
897 908
625 775
98 897
234 193
879 275
8 772
405 782
172 76
376 914
486 491
7 773
290 94
594 127
501 970
11 280
565 657
217 515
414 231
560 536
324 752
533 484
849 87
388 687
808 920
368 671
919 892
759 381
707 478
566 263
513 649
133 72
264 953
176 193
105 61
554 454
222 360
591 993
763 68
952 245
645 268
402 234
169 141
614 895
382 765
477 840
60 208
408 881
320 13
106 626
930 918
382 991
628 915
609 656
433 578
309 800
643 192
93 137
573 159
719 735
559 476
887 547
732 992
572 89
455 951
573 240
762 315
783 954
989 145
846 266
790 431
374 815
369 321
567 244
201 299
756 51
249 567
794 643
387 875
711 926
567 410
81 612
537 163
367 112
584 66
755 27
439 692
65 595
546 2
413 25
881 657
691 944
821 61
952 452
716 293
510 842
643 834
695 645
111 450
321 132
947 760
514 941
397 743
74 628
177 944
134 526
66 240
786 606
216 285
839 463
626 280
368 488
921 838
26 610
501 260
1000 765
801 508
71 246
933 151
327 136
476 582
666 562
117 340
657 427
553 412
458 88
776 189
207 327
500 499
118 934
959 724
951 265
141 85
623 795
827 602
790 322
478 302
960 57
610 925
945 427
127 13
3 157
903 630
10 739
639 166
770 169
244 158
763 650
12 36
14 942
95 808
720 915
383 757
157 658
25 484
295 548
336 539
888 24
484 483
853 870
585 472
20 781
703 520
278 589
63 937
525 708
837 306
984 922
290 23
43 984
793 180
477 39
888 246
444 812
34 16
290 390
592 522
846 179
24 102
501 898
945 674
604 865
162 204
471 442
683 370
427 176
447 189
24 684
464 443
281 667
394 410
345 328
858 802
769 766
919 676
786 795
735 460
555 90
192 767
499 583
435 170
458 267
795 920
373 738
65 123
104 415
880 288
787 236
203 469
576 617
504 564
675 847
179 28
416 890
293 44
912 506
344 204
53 748
537 995
594 773
994 26
387 440
5 521
374 312
340 120
567 715
127 665
127 80
221 395
922 862
45 733
448 809
620 87
352 309
995 525
430 216
269 870
94 25
679 991
349 408
206 259
903 491
392 987
797 958
527 731
291 3
115 839
277 220
206 178
906 556
541 907
72 178
418 898
737 160
791 455
910 80
429 258
507 981
963 307
894 473
146 907
200 939
685 994
512 312
93 599
756 265
403 526
559 814
758 366
398 841
176 412
523 769
273 566
132 383
232 306
925 38
425 284
632 612
427 442
835 329
986 167
660 804
455 104
590 477
593 271
537 1000
407 261
730 160
469 60
899 949
796 475
579 989
943 292
895 575
677 328
465 89
796 74
46 590
240 122
402 425
541 442
28 275
526 22
32 854
363 132
365 558
813 538
265 610
800 363
509 829
37 35
918 319
55 644
288 686
128 691
580 729
84 776
452 852
515 78
315 52
962 905
391 251
379 889
491 919
612 857
153 2
7 427
656 423
231 841
14 785
830 901
132 904
956 426
617 886
870 96
417 358
612 959
168 720
81 177
375 563
546 285
893 946
31 327
812 56
64 816
963 188
582 598
397 830
439 352
418 251
368 946
940 148
72 362
823 713
510 732
955 561
977 153
65 999
393 56
660 986
220 977
379 112
271 168
184 2
994 559
612 66
351 510
660 824
455 76
611 266
407 297
264 9
602 459
38 79
207 142
212 310
764 363
752 886
456 864
643 404
57 583
351 813
853 43
819 247
892 519
431 133
53 691
300 704
819 100
35 565
753 728
862 74
779 946
306 192
969 256
73 219
182 599
109 525
866 904
558 818
61 362
64 434
511 286
719 229
157 796
362 202
714 423
509 297
827 140
997 596
597 618
745 636
258 304
42 406
966 736
309 739
438 9
116 147
999 360
604 120
128 219
713 868
410 312
354 959
465 126
450 458
106 376
234 437
664 172
385 349
794 600
118 965
415 41
849 33
371 318
53 49
113 878
721 111
904 473
759 723
320 640
467 851
621 718
218 227
373 468
42 437
389 160
48 622
644 426
118 957
403 508
406 941
479 41
601 979
114 370
575 451
977 560
264 37
5 414
434 365
327 250
829 340
832 440
706 385
721 780
493 671
703 508
41 682
763 321
175 55
561 244
819 624
960 395
155 171
781 179
503 763
16 371
701 475
187 762
84 98
415 282
474 918
737 840
754 742
153 815
390 588
784 903
145 691
314 858
866 799
225 141
615 952
176 855
344 557
475 453
2 975
511 387
957 549
742 261
140 833
128 921
604 429
91 258
521 807
758 674
119 720
484 371
617 991
873 101
819 843
180 763
54 212
627 146
510 570
846 176
722 130
772 71
584 127
397 838
803 735
42 926
57 481
755 246
266 189
229 227
470 247
128 372
609 909
705 590
833 561
464 444
657 739
712 402
695 635
574 888
688 491
122 923
752 574
109 111
401 318
250 937
561 141
673 394
895 942
751 689
95 61
332 289
618 774
363 381
878 300
346 581
610 918
667 325
740 309
145 83
537 881
790 525
723 602
151 221
189 449
9 764
412 751
952 1000
752 250
623 713
681 50
347 962
848 557
220 766
887 708
435 423
738 20
994 138
853 709
387 87
680 901
338 249
357 555
999 236
76 901
516 442
809 432
757 10
116 390
724 197
338 136
487 297
457 878
147 294
975 500
813 505
926 680
118 896
710 771
663 667
405 135
233 128
106 414
906 239
149 130
416 480
124 750
377 839
862 888
6 164
671 146
362 710
399 383
738 813
206 879
393 946
716 648
517 585
220 607
539 897
78 421
6 454
66 373
449 379
67 180
90 127
863 600
518 45
8 678
599 580
209 347
601 617
928 503
359 809
660 950
113 903
699 664
658 307
363 571
824 183
19 151
615 788
87 636
938 978
668 239
138 666
303 68
207 156
79 557
833 89
446 596
486 609
706 589
628 778
46 26
131 252
667 478
61 99
687 588
47 48
732 760
700 286
39 940
244 898
814 274
373 34
464 770
377 39
106 943
752 117
224 295
438 998
103 671
884 594
502 505
982 173
199 520
116 363
832 940
836 620
628 718
365 992
573 347
561 307
110 760
384 332
516 557
150 359
429 468
202 797
31 32
490 194
63 915
693 552
971 954
272 544
889 617
376 916
608 207
901 620
465 162
198 920
894 325
346 167
632 637
739 644
961 345
836 454
820 963
108 941
142 983
700 3
295 606
973 219
242 39
3 991
741 79
271 58
54 446
422 434
812 750
455 782
218 191
863 717
313 353
341 179
142 956
912 856
492 321
485 642
740 495
874 953
655 70
416 965
473 148
915 493
94 292
22 577
367 752
761 617
632 863
411 90
201 546
939 367
166 224
340 574
795 240
333 785
541 492
744 648
448 453
736 808
553 422
420 875
270 59
193 311
588 664
991 365
474 815
709 700
344 820
985 216
630 86
192 248
175 481
417 709
828 461
795 316
157 795
802 720
344 594
349 479
704 242
245 286
509 23
286 304
914 821
718 471
496 780
996 669
499 415
228 615
847 631
410 500
622 849
542 912
29 739
763 959
983 870
833 921
281 498
870 412
907 98
841 746
510 543
264 539
547 856
399 183
772 947
46 780
414 26
677 890
56 780
26 940
985 657
51 57
66 44
610 657
919 755
830 442
632 669
924 171
377 477
525 22
716 5
523 623
192 908
782 168
10 143
769 803
956 747
922 567
691 366
748 773
843 200
490 533
401 12
790 614
38 507
540 25
464 940
981 249
238 754
454 11
274 677
896 932
677 97
37 130
274 564
59 438
503 575
830 577
45 759
253 712
767 494
93 235
330 239
124 181
171 801
408 621
652 304
158 569
723 565
879 913
476 132
760 263
635 663
944 766
72 700
984 719
303 545
37 629
205 723
405 497
44 343
634 659
245 214
430 924
456 55
774 513
576 280
832 690
10 338
893 791
949 613
932 373
977 292
996 512
651 167
928 800
107 543
845 869
992 423
833 869
614 34
745 145
121 655
620 727
72 453
493 395
609 674
132 615
834 585
634 855
643 251
440 472
591 615
165 867
416 321
894 706
953 30
113 777
683 389
99 714
371 625
140 138
717 158
556 796
484 775
83 486
609 878
646 309
388 77
282 712
869 692
477 635
826 271
830 33
946 546
469 151
588 115
39 677
981 44
123 284
49 574
394 943
472 387
148 838
886 106
559 176
27 963
209 996
174 918
892 703
970 17
887 628
876 235
325 123
878 873
735 672
247 422
595 373
596 26
463 493
672 762
547 502
362 240
35 298
399 789
71 536
731 499
965 925
512 247
874 343
990 287
196 383
713 83
344 522
736 284
917 313
844 879
797 787
634 695
581 108
983 968
106 12
37 762
794 295
427 722
295 347
542 1000
863 788
789 81
537 232
119 548
85 756
360 429
384 941
332 819
906 110
357 448
820 1000
492 553
592 647
664 722
349 892
506 637
731 76
632 503
892 905
413 368
74 936
790 994
536 253
901 459
982 46
346 772
311 826
183 422
669 976
636 165
910 426
813 490
807 870
810 6
43 765
302 410
982 264
730 337
421 8
518 622
667 288
939 455
246 55
86 428
14 441
36 721
535 745
55 76
95 310
813 903
710 273
814 998
571 701
40 163
993 259
442 635
424 2
903 838
545 558
503 261
951 654
239 648
991 665
499 759
47 273
430 139
474 827
127 967
809 258
970 410
84 778
654 410
487 511
89 948
736 329
750 862
680 128
868 521
277 254
673 713
563 717
289 704
88 994
862 571
850 99
175 882
120 188
215 311
576 530
699 138
902 301
876 802
418 134
641 332
337 94
985 922
474 401
846 233
719 613
704 706
542 230
387 248
953 435
233 814
363 875
519 210
464 502
506 485
323 317
731 424
623 110
166 286
481 853
377 932
947 624
623 223
826 447
299 341
782 290
90 370
230 842
191 464
32 39
199 69
860 769
165 245
496 20
920 598
818 545
307 28
706 298
809 51
316 69
652 559
191 775
770 958
678 287
900 301
945 396
909 41
552 250
260 998
990 172
519 942
867 419
260 531
545 699
767 90
509 438
257 819
520 999
614 507
896 662
651 952
15 797
904 670
658 209
533 976
284 818
581 36
712 813
15 898
552 310
976 610
98 928
444 660
905 597
131 41
200 144
491 659
737 351
21 398
559 898
85 827
211 624
196 228
864 838
955 369
918 615
391 669
964 225
197 734
683 267
495 281
319 79
51 741
795 463
665 693
912 332
618 767
30 257
967 992
533 374
704 972
579 232
618 526
455 157
699 707
194 393
303 281
234 902
270 353
136 18
794 160
116 662
425 116
423 545
743 684
356 516
179 5
200 1000
109 826
133 476
961 203
540 519
948 503
250 229
931 540
986 721
403 811
957 464
524 661
482 816
909 77
178 473
733 265
40 10
577 293
268 42
918 84
373 315
512 787
784 8
362 44
519 688
900 950
559 723
652 23
923 509
430 925
253 198
334 57
582 355
200 61
823 79
167 747
684 279
171 748
390 398
449 962
195 226
328 961
203 735
93 735
573 725
977 436
758 723
228 890
414 147
54 170
993 578
423 419
911 9
508 73
38 638
234 855
385 552
299 110
447 190
379 220
163 719
756 726
704 953
856 976
656 828
986 95
824 70
591 644
66 67
134 463
858 21
694 695
458 423
912 832
783 71
507 862
324 888
848 882
316 952
378 225
71 70
806 63
40 938
5 340
174 693
302 494
711 118
472 21
606 344
559 194
847 251
264 289
610 246
567 708
665 186
169 358
314 538
294 604
874 434
923 818
503 846
288 645
628 581
258 37
662 131
656 144
900 138
201 53
950 240
156 941
814 65
987 543
573 422
372 89
11 901
442 11
81 825
963 423
121 584
728 544
72 4
401 946
149 128
812 192
797 564
762 826
744 849
401 835
788 297
774 268
794 710
890 915
979 702
689 804
569 702
842 714
241 600
121 795
234 538
879 78
703 924
996 234
986 384
218 54
19 846
919 852
286 61
686 789
602 208
142 823
386 892
790 995
848 48
385 726
605 928
312 472
766 176
385 839
460 317
209 635
686 409
948 26
626 460
700 587
77 516
528 860
873 701
227 532
677 373
173 726
674 727
429 620
92 938
933 172
58 886
956 771
999 991
107 239
450 314
738 71
420 131
544 244
374 283
875 226
970 4
125 252
753 642
184 643
538 478
95 471
558 789
870 987
818 126
801 884
59 366
421 587
316 375
559 437
511 500
442 205
831 853
651 435
338 106
926 635
599 36
747 202
324 169
310 460
920 432
63 524
874 219
562 369
457 921
794 312
745 334
907 235
802 799
676 804
88 226
945 781
820 687
413 239
824 682
642 999
756 340
464 201
462 324
210 485
502 345
893 32
508 2
181 228
312 365
521 607
63 192
601 681
485 318
733 584
298 979
617 183
247 276
980 999
78 349
218 10
333 715
542 385
636 484
393 142
773 211
684 147
640 264
345 54
592 17
406 631
647 591
317 424
304 969
515 565
808 585
346 648
772 428
77 552
80 468
193 235
856 341
240 10
293 562
886 177
299 899
651 881
39 18
610 207
792 768
942 758
438 593
663 168
45 657
706 931
182 554
928 922
662 864
538 306
546 777
250 416
309 861
438 883
40 446
629 100
769 296
903 415
84 815
947 491
514 218
236 546
349 477
560 516
10 557
237 149
699 459
348 27
21 171
188 588
125 487
823 106
382 494
709 143
380 795
860 237
20 996
957 849
157 349
964 83
858 506
766 195
487 934
737 463
242 871
115 463
704 688
390 205
105 165
71 713
548 481
896 66
664 713
739 674
441 107
774 103
910 551
837 525
53 62
55 576
376 86
608 876
266 297
217 829
604 959
863 658
366 414
167 155
316 695
378 488
38 140
664 363
848 248
441 694
887 185
639 776
839 314
731 341
740 397
743 862
818 627
324 251
431 68
35 871
329 518
8 45
106 688
970 693
240 54
863 86
22 978
739 92
98 76
699 111
965 514
507 512
773 651
559 158
160 830
426 663
683 658
227 750
514 412
608 623
623 916
292 82
887 515
46 33
139 449
909 221
885 481
991 609
210 982
528 511
675 352
309 546
699 358
206 346
46 259
608 917
694 447
492 128
237 365
337 362
658 477
785 514
128 779
931 201
929 880
81 877
727 402
967 411
722 238
261 498
813 197
686 429
158 10
516 916
702 583
154 757
638 821
698 502
313 76
443 419
498 112
284 731
546 34
603 63
142 681
683 391
797 403
467 880
303 478
363 707
273 735
438 747
920 834
562 863
337 720
338 634
468 654
115 470
674 41
7 743
514 909
587 321
218 484
91 542
754 242
834 186
781 609
882 526
910 127
35 771
400 388
860 970
795 781
579 626
377 302
446 526
992 381
251 434
35 609
861 949
790 499
80 698
304 590
981 268
620 60
749 736
291 856
369 668
761 242
542 833
732 565
948 746
680 904
398 719
888 747
853 691
362 254
469 698
914 601
310 374
742 341
335 161
363 968
853 548
12 196
822 733
179 589
399 644
770 56
59 35
79 172
372 90
891 766
843 348
932 260
158 836
694 266
92 216
745 226
512 653
766 136
875 232
437 132
935 645
607 952
229 34
488 228
694 84
859 25
738 808
24 147
135 338
801 591
31 963
994 805
846 770
703 927
798 929
837 965
786 601
495 747
545 749
922 939
180 111
308 912
200 613
517 872
958 186
617 500
341 156
895 709
401 287
644 365
937 509
762 650
462 852
247 198
821 787
750 171
544 440
728 389
714 632
666 967
164 960
557 906
433 616
532 568
37 102
169 438
890 8
20 364
37 247
23 36
761 900
50 66
606 87
792 963
763 706
300 922
653 62
72 613
509 400
201 71
225 89
120 881
563 817
732 904
502 405
866 706
280 737
905 902
358 110
897 790
58 282
793 933
261 647
101 472
84 746
432 123
415 130
276 452
349 666
595 222
727 485
844 779
803 45
971 959
733 820
310 239
427 833
450 482
289 800
471 24
57 316
958 538
927 773
696 613
608 177
694 690
846 239
618 374
108 936
659 456
990 517
526 664
746 466
972 419
21 556
9 236
1000 89
942 176
616 9
503 175
968 646
553 632
839 735
581 126
199 170
673 439
527 20
326 319
512 923
351 152
339 704
838 666
506 83
587 331
553 282
26 442
27 111
264 363
411 204
250 92
86 462
914 783
409 419
942 759
213 825
16 267
145 425
274 719
331 386
615 690
273 986
310 97
939 848
210 864
597 788
438 42
585 884
749 569
536 974
878 807
165 664
370 666
187 432
405 361
406 146
301 456
75 105
512 952
250 643
495 871
866 601
137 933
176 909
513 258
776 830
8 854
600 548
902 271
831 447
94 937
228 215
300 324
512 484
396 887
24 441
471 77
155 980
851 563
671 484
638 873
17 971
76 370
647 383
686 739
998 529
689 441
111 344
593 517
751 808
311 975
144 752
863 435
459 41
926 387
963 617
692 41
259 366
723 725
778 574
216 145
490 528
952 773
458 242
705 83
908 976
805 424
878 630
61 168
664 174
339 826
641 868
490 306
236 466
721 835
586 585
576 863
391 392
301 964
508 818
69 402
580 654
528 353
278 313
567 896
932 3
93 25
408 415
597 665
447 518
982 877
182 337
845 687
219 988
521 986
188 593
224 703
300 123
747 290
13 48
285 378
949 915
822 387
54 57
333 78
915 770
147 502
183 704
392 463
569 273
256 142
114 206
629 733
100 151
851 719
413 504
859 168
787 311
492 599
231 217
137 494
484 947
672 500
941 554
296 961
83 835
65 860
740 467
247 253
52 311
895 689
459 981
99 58
482 430
353 443
286 651
961 36
268 644
532 549
862 228
356 649
472 390
623 725
348 745
350 427
830 913
524 548
486 859
982 572
541 875
936 388
265 42
459 529
903 704
795 475
410 119
175 309
639 240
126 285
974 623
693 42
410 230
767 23
770 134
581 216
595 315
858 895
15 806
433 979
23 802
537 290
597 558
725 734
766 431
964 327
399 564
291 407
55 86
292 932
497 702
11 794
442 9
832 657
141 649
551 662
789 444
883 254
349 550
652 981
480 315
585 328
327 967
760 994
266 61
216 832
626 951
128 54
347 186
909 856
793 260
135 333
674 1
237 871
510 677
539 901
370 72
126 223
707 91
263 553
980 973
894 527
199 431
995 468
781 849
712 434
364 765
346 912
65 824
85 224
381 682
19 155
583 875
617 401
519 756
919 421
226 988
375 417
291 648
933 217
188 256
316 205
18 963
455 282
459 735
387 10
800 948
615 568
411 144
568 269
364 374
255 441
40 166
370 917
687 12
641 940
74 77
830 540
671 536
563 899
982 971
988 396
866 848
368 470
747 63
984 283
744 812
197 18
370 710
41 574
371 291
244 211
11 850
728 736
654 520
343 665
828 267
686 153
854 783
783 989
1 201
484 418
295 491
230 31
304 6
267 138
305 339
846 466
354 916
82 391
944 118
945 771
505 884
513 199
56 534
128 99
314 196
116 858
924 671
390 231
105 207
622 885
194 879
785 900
898 701
189 552
172 954
194 158
746 467
12 787
961 801
203 852
845 413
61 622
812 746
885 940
890 518
530 439
221 872
347 469
617 202
523 502
262 606
213 388
203 178
712 20
773 98
852 557
341 382
227 305
70 678
416 985
970 400
827 976
114 730
132 13
190 799
79 707
86 348
243 947
190 750
213 855
682 334
903 874
689 730
541 409
106 636
770 957
771 396
921 575
739 256
10 870
232 938
965 846
589 978
805 149
19 736
594 616
151 487
447 924
452 806
14 549
140 354
861 158
442 380
406 147
524 978
13 339
275 852
644 587
408 307
463 343
46 485
837 38
529 408
590 742
277 31
665 126
36 505
408 64
484 299
640 154
418 169
537 165
428 274
90 785
418 280
916 15
935 477
354 666
264 750
119 414
492 620
807 231
919 809
740 218
446 69
964 386
198 666
125 922
474 146
759 351
815 601
342 133
270 166
630 552
646 333
795 517
725 332
503 178
490 895
420 582
166 38
61 852
852 577
725 317
428 997
22 609
482 122
601 240
308 674
825 504
443 653
703 507
321 809
378 938
105 914
683 493
348 518
978 909
390 807
598 374
691 16
550 501
892 890
463 100
47 357
664 860
607 381
420 105
206 446
249 959
121 230
893 638
325 20
129 297
130 2
226 443
615 951
637 603
802 752
704 210
82 154
980 391
585 113
805 636
918 181
775 852
228 519
840 129
324 114
608 941
491 739
275 590
681 951
285 377
869 571
798 169
727 285
766 253
215 105
417 146
54 169
574 826
411 863
133 822
372 516
547 888
748 540
200 365
885 834
546 32
967 834
919 512
460 54
99 718
171 173
835 194
360 226
237 164
384 658
354 384
706 173
372 841
804 827
393 196
359 913
929 906
311 978
829 657
591 822
740 476
229 593
553 695
900 172
170 385
868 376
942 995
624 588
622 843
452 61
588 111
806 50
807 719
259 333
905 323
873 553
359 708
765 833
715 116
862 229
61 90
579 517
269 45
273 170
424 652
540 232
279 116
445 364
805 220
20 838
832 214
117 84
909 110
178 504
240 641
370 848
903 592
357 598
988 344
145 658
112 459
102 234
323 747
824 964
883 419
940 874
23 966
103 276
231 803
645 999
194 759
444 643
641 444
141 642
111 878
457 627
573 612
336 652
813 150
816 134
745 224
985 785
316 793
551 614
555 712
851 396
750 591
436 846
256 252
29 710
722 355
25 945
797 339
859 6
975 287
20 252
686 681
263 552
176 402
556 252
418 435
919 849
920 817
389 82
160 870
983 366
768 357
628 802
152 884
649 422
578 324
31 343
601 925
180 24
753 234
950 524
392 40
910 430
877 73
899 955
847 785
79 412
982 858
238 620
810 149
848 992
478 63
774 261
908 522
342 542
280 73
718 913
437 826
88 87
790 904
100 708
804 730
149 523
973 809
120 661
136 666
49 687
128 40
911 599
861 776
442 502
249 992
72 615
93 47
343 54
26 24
482 614
690 3
638 469
759 915
641 589
70 289
383 314
918 19
227 774
782 75
702 961
573 455
520 557
742 454
135 236
152 387
187 229
104 581
46 680
676 807
698 219
407 810
241 604
902 289
294 521
980 669
485 89
882 479
186 422
663 920
817 328
105 206
282 193
896 121
769 493
4 622
850 784
673 777
410 849
823 711
884 471
632 424
371 700
755 223
38 788
513 642
695 702
458 619
366 368
621 262
523 582
429 683
446 283
947 786
600 944
787 189
381 830
882 837
973 538
332 358
316 867
482 87
783 297
736 958
808 475
658 922
156 295
501 218
412 701
126 745
795 100
361 952
123 585
641 798
662 756
595 612
334 613
709 679
178 49
141 187
895 140
733 289
37 378
61 356
335 69
321 543
322 880
306 333
163 300
24 550
101 536
192 364
67 904
680 40
325 448
625 762
111 595
251 957
996 779
687 502
656 106
732 797
549 497
994 610
496 769
922 293
337 259
375 719
690 265
34 293
989 29
802 320
85 854
780 794
983 893
286 215
470 912
290 10
755 962
239 221
646 887
354 953
794 650
172 234
923 802
928 648
984 820
859 928
915 626
510 512
113 745
301 539
858 360
508 33
146 604
592 692
519 157
218 122
901 365
63 118
433 921
988 537
313 279
901 510
595 68
660 875
593 312
260 409
597 400
602 6
910 503
161 308
790 793
991 136
919 639
26 762
464 643
356 433
783 156
933 783
274 508
905 294
528 935
790 635
421 460
931 952
668 67
248 548
692 841
273 205
679 637
937 102
813 971
373 116
583 225
39 883
649 523
110 612
670 915
486 780
303 718
987 873
44 213
116 313
929 828
528 355
344 900
788 989
736 390
934 631
331 654
905 883
157 762
733 39
893 808
391 57
270 954
508 385
503 666
220 13
903 162
923 736
908 372
788 674
400 547
828 675
150 403
883 238
68 120
128 189
954 121
798 174
945 842
175 949
324 273
665 379
997 54
745 37
671 309
822 442
973 13
96 591
574 204
869 76
462 562
980 939
859 170
273 579
401 534
497 173
260 351
155 547
561 996
798 987
450 125
17 582
496 406
366 441
994 638
441 870
464 321
801 198
520 716
363 597
380 365
382 165
119 48
319 722
101 219
863 401
611 328
756 871
80 256
407 367
191 532
964 788
531 139
143 337
436 461
106 355
562 738
235 829
986 927
861 513
899 892
83 641
598 288
269 44
970 139
511 105
294 705
27 966
669 523
840 659
508 993
164 213
151 441
500 333
746 613
28 548
265 814
675 547
538 361
666 418
261 910
990 74
62 863
162 785
654 387
573 305
244 249
82 236
858 893
729 627
605 192
163 117
701 749
588 985
894 230
179 767
917 437
556 411
496 841
595 199
797 927
724 929
710 660
141 647
91 356
435 918
23 679
584 163
661 33
519 455
962 608
33 284
198 950
337 902
317 890
538 506
271 959
132 471
356 53
638 679
752 882
218 50
203 938
220 964
151 714
685 526
105 412
507 16
151 571
355 964
466 711
649 54
961 484
615 791
617 394
268 660
878 355
544 443
619 657
985 31
557 506
723 655
837 429
13 471
706 451
654 35
929 608
201 665
74 361
807 579
847 566
95 317
749 493
728 166
321 784
892 617
343 855
182 723
629 362
244 904
275 58
69 291
753 646
519 833
956 125
740 900
836 731
796 789
553 255
737 906
420 418
847 453
546 848
413 679
912 10
953 850
555 898
390 665
175 583
258 295
757 409
944 266
196 987
176 996
848 66
276 455
462 430
444 653
449 797
178 684
327 788
135 894
323 117
346 318
682 692
383 889
242 895
352 92
73 40
154 697
176 988
301 566
195 79
233 896
854 662
683 290
407 446
46 111
329 978
337 883
601 734
711 609
731 431
57 140
881 463
990 571
774 595
938 158
795 571
250 304
235 598
900 214
481 586
670 504
484 683
624 646
876 572
473 158
94 302
648 150
988 134
51 249
624 789
398 846
536 619
577 129
647 873
173 566
725 121
304 811
302 298
106 747
657 233
434 162
877 334
77 530
386 769
245 164
778 891
804 767
800 481
112 167
40 132
205 886
938 613
118 973
174 979
604 505
464 644
988 483
532 829
116 294
923 328
27 831
504 192
467 52
794 292
496 548
693 963
36 182
866 741
461 703
614 335
797 805
380 561
295 568
689 245
817 56
211 281
304 85
305 236
756 59
480 374
667 382
586 966
988 982
771 616
77 209
40 920
280 13
816 79
906 864
48 473
965 418
732 467
641 402
954 981
814 569
152 156
820 750
287 603
128 496
772 953
21 363
722 296
817 452
324 413
967 590
716 718
698 321
238 126
649 259
647 376
996 174
156 309
673 133
639 982
329 863
278 513
7 622
801 57
413 307
215 651
147 923
419 926
593 319
498 957
7 767
394 704
713 998
74 636
626 385
977 715
61 850
282 609
725 315
265 373
750 561
935 225
75 26
888 791
575 345
762 816
815 302
377 278
231 407
341 435
773 870
153 613
902 650
748 146
160 363
936 284
848 568
960 386
537 783
983 119
427 982
753 590
335 88
400 159
600 199
396 492
642 500
383 364
443 75
444 480
887 908
980 274
619 50
965 66
676 11
514 186
718 394
210 101
887 829
495 132
757 337
983 372
443 297
137 966
724 910
798 397
46 374
874 31
62 619
729 816
966 711
698 801
680 492
534 411
612 641
371 59
486 472
642 824
592 627
612 638
719 826
899 33
708 41
983 241
306 773
176 587
557 316
910 916
638 825
346 153
685 678
77 983
356 18
712 266
164 941
290 352
627 441
941 959
321 585
983 324
99 664
34 283
882 89
114 431
904 331
321 207
967 848
270 128
933 960
414 836
337 613
458 307
371 642
242 474
540 853
703 315
622 292
972 264
723 754
109 303
908 608
340 162
752 354
572 469
221 737
847 605
83 640
782 936
614 238
671 722
23 28
678 623
524 551
302 205
602 607
452 602
469 612
911 637
758 170
801 867
969 449
666 419
453 237
541 865
567 993
810 642
794 15
797 892
559 269
338 131
67 579
883 421
75 672
118 582
305 219
586 828
179 766
552 356
20 698
758 534
615 187
998 1
447 261
931 811
73 720
58 100
495 9
443 418
775 655
751 312
384 52
37 966
591 291
703 677
544 786
745 119
599 884
785 484
293 961
224 674
869 30
318 364
466 547
431 599
323 182
307 733
281 718
824 975
764 155
357 347
788 251
568 953
685 525
815 674
726 347
531 859
15 42
759 257
463 708
726 202
907 620
419 123
961 699
294 45
921 996
331 821
798 726
838 547
81 922
89 32
986 862
809 654
565 131
479 511
264 228
881 157
60 342
947 982
827 700
134 1000
952 943
629 282
95 466
761 146
245 481
690 174
995 318
178 410
141 230
365 840
404 552
761 3
572 61
130 200
258 437
757 503
682 23
289 617
126 30
684 694
775 777
334 459
742 452
48 208
625 830
76 717
462 431
528 217
656 302
859 809
71 937
594 86
133 618
150 600
391 899
998 188
620 646
604 3
493 444
360 621
337 80
144 938
347 155
174 684
849 302
910 588
548 601
182 12
899 810
523 269
636 370
86 919
837 933
109 270
950 716
863 677
411 644
531 887
569 40
327 488
990 568
916 315
424 537
868 397
333 599
427 414
217 966
199 178
866 228
536 846
139 911
503 344
649 858
169 244
305 471
85 40
221 696
882 722
574 228
834 273
283 29
770 521
40 246
682 333
44 806
602 612
273 368
149 557
4 480
562 310
999 847
156 555
557 225
72 566
490 365
75 957
850 509
406 39
211 77
250 429
72 901
15 750
272 71
330 325
573 263
171 843
995 589
378 585
309 969
24 599
583 251
192 413
512 956
396 303
510 213
573 489
944 311
950 432
525 326
908 338
451 265
74 25
812 246
447 349
249 574
806 796
758 713
444 769
362 758
328 826
833 771
920 936
3 915
119 411
506 588
808 169
950 313
769 615
575 132
632 454
613 692
852 21
125 919
954 679
651 717
564 346
655 141
214 87
749 179
916 590
97 692
96 993
260 42
618 662
122 865
752 488
109 165
607 365
575 344
745 725
31 996
621 10
1 831
240 43
97 918
539 315
961 205
688 771
913 326
981 130
674 746
199 837
455 735
847 745
978 904
268 56
523 979
50 439
24 870
739 289
583 368
239 718
244 880
705 482
852 119
947 349
163 458
862 328
629 67
597 677
232 679
927 500
148 493
956 260
171 964
44 334
482 671
784 157
159 47
987 422
35 21
755 642
936 1000
204 115
124 595
620 552
825 560
145 870
37 848
385 151
392 981
962 747
711 996
819 802
569 571
971 891
592 628
500 717
504 89
765 71
582 519
824 615
987 245
440 368
868 848
495 984
327 765
998 422
376 689
699 431
806 342
751 106
845 465
868 950
869 475
85 428
820 817
358 848
289 191
473 394
610 733
95 775
77 824
299 521
189 478
652 986
445 820
82 910
835 340
787 25
111 489
332 458
243 673
237 451
735 324
494 594
497 286
320 305
411 106
201 325
435 96
661 786
939 464
118 249
30 803
549 785
931 77
952 805
610 769
758 393
901 168
320 223
835 656
340 18
123 642
417 971
472 394
94 1
320 78
824 853
880 150
353 10
377 252
748 405
219 737
89 919
554 618
666 416
117 194
707 530
173 176
801 979
644 639
172 360
444 389
12 193
71 314
698 992
412 448
444 753
119 799
908 282
699 614
486 362
571 48
946 392
833 937
558 302
628 182
603 368
487 997
533 101
524 424
363 900
90 212
57 5
756 641
261 243
946 957
621 765
152 160
218 48
864 610
665 631
400 549
613 105
463 914
194 41
622 153
977 854
961 329
778 257
998 684
862 235
246 364
303 223
216 303
441 187
631 123
479 510
33 450
632 162
51 159
58 888
812 838
192 839
563 376
383 893
414 189
736 772
808 369
221 708
701 218
204 534
26 466
559 236
770 981
370 913
166 478
832 134
26 325
857 885
580 47
519 835
701 956
663 954
391 460
874 400
182 499
628 679
903 433
463 462
603 867
335 677
63 677
321 705
358 99
159 86
826 235
41 691
542 557
64 764
29 614
395 68
940 574
537 435
794 258
337 181
690 755
785 717
695 70
127 512
719 844
722 32
461 76
582 572
70 25
265 153
2 576
21 484
647 112
480 586
228 824
279 940
85 657
604 179
280 304
95 552
665 305
393 699
271 925
238 96
773 315
441 962
214 217
180 473
56 231
509 531
256 505
609 973
722 612
389 179
260 416
958 91
572 723
890 629
781 706
490 775
450 221
627 654
521 29
481 584
354 310
999 650
982 444
30 601
236 182
499 944
934 51
939 395
890 343
302 441
543 773
32 173
67 146
715 160
823 361
331 347
459 878
852 783
464 952
981 237
321 373
532 40
340 74
215 183
415 664
17 217
753 727
739 260
905 634
586 433
718 658
520 799
458 734
136 520
165 643
596 89
500 54
49 426
103 123
286 425
433 75
895 495
419 8
862 764
297 676
745 498
141 491
823 243
1 184
239 504
352 212
483 810
374 805
641 328
337 739
634 444
97 127
245 568
138 916
376 841
999 355
158 897
380 471
93 756
121 763
733 900
627 129
3 773
725 788
941 695
157 200
964 232
270 537
586 678
327 536
538 517
496 664
656 952
38 932
756 761
885 795
890 695
284 380
489 554
952 462
146 381
646 182
631 364
412 216
358 772
87 478
470 450
78 647
707 309
270 85
317 397
118 355
464 646
749 175
123 411
317 739
380 438
151 835
557 956
653 701
829 178
660 571
645 297
619 1000
631 833
10 951
47 496
32 919
821 665
326 73
41 207
481 16
905 223
173 314
231 196
645 95
71 415
511 340
280 512
465 516
482 954
266 639
763 535
196 764
586 36
568 918
664 725
202 700
98 637
926 290
432 425
654 708
185 615
3 562
45 244
401 975
138 470
276 505
206 126
297 930
941 505
48 104
224 809
171 370
890 902
48 455
693 409
803 377
72 461
628 194
884 168
507 299
976 242
844 270
355 719
39 697
986 439
90 96
21 766
5 153
686 768
678 87
387 865
995 268
616 55
464 324
392 161
735 310
534 807
631 225
856 757
375 423
468 763
877 97
623 397
644 262
437 512
353 638
208 712
890 284
48 865
70 738
458 128
5 349
482 26
230 996
217 223
218 512
112 3
94 119
353 376
778 942
174 815
112 146
187 672
724 377
579 662
856 49
71 498
900 748
832 42
376 342
943 846
343 914
698 655
992 928
23 252
905 771
598 624
413 704
72 990
688 60
174 235
250 597
864 473
899 330
542 742
296 661
997 659
745 458
586 826
93 794
132 926
101 319
581 997
214 758
713 181
548 536
20 811
422 963
461 935
903 16
393 735
931 347
988 920
537 240
903 149
301 975
659 581
642 909
493 359
242 937
405 977
603 480
760 709
301 753
826 304
668 595
405 691
561 517
502 761
673 67
458 968
330 550
20 478
542 319
69 859
431 292
235 623
877 948
258 122
308 465
981 549
114 288
191 420
285 959
752 418
988 630
86 309
970 456
121 196
418 143
62 290
485 953
398 992
45 533
303 941
435 285
792 858
478 349
151 105
923 240
796 866
672 304
434 927
478 399
348 889
420 94
576 156
4 413
98 336
830 513
905 686
853 736
24 974
443 4
54 757
996 953
529 891
68 562
370 707
82 207
559 291
671 805
569 807
862 656
242 521
816 376
727 626
163 227
439 790
101 339
231 720
824 706
633 488
607 885
8 783
444 895
655 759
50 738
767 627
958 190
55 343
702 694
543 418
266 474
507 354
180 644
915 971
332 847
636 76
902 71
225 761
65 588
63 201
824 399
538 593
206 707
537 334
873 838
67 155
218 21
133 44
223 249
772 373
246 734
801 131
342 237
808 673
479 76
815 422
32 63
603 989
916 539
809 753
424 313
654 715
299 619
515 587
660 544
40 873
374 974
431 143
19 521
810 260
294 701
982 526
325 793
252 815
951 629
956 941
14 783
63 873
563 117
526 363
710 132
311 331
654 463
213 549
825 422
885 19
339 790
396 346
254 482
770 75
457 860
719 156
477 257
206 321
79 253
339 352
894 210
895 383
662 52
404 812
131 556
474 680
440 632
49 228
324 426
827 469
498 357
794 662
978 155
229 19
546 311
30 220
214 425
180 745
170 297
681 888
224 765
190 390
463 940
896 89
381 297
128 499
732 73
794 936
635 522
160 964
643 913
932 798
510 434
150 823
651 894
302 798
655 798
158 322
507 108
117 997
303 432
105 601
603 246
273 645
354 360
445 159
826 828
52 999
697 494
271 263
791 588
829 761
703 256
104 430
378 213
431 77
434 355
17 265
833 111
696 161
701 144
834 371
503 604
93 501
592 417
562 329
709 758
839 887
236 456
662 660
943 181
287 305
549 46
295 874
260 767
466 468
283 694
358 206
831 773
577 686
795 275
157 758
653 209
867 281
785 473
844 892
738 475
118 633
893 701
107 744
608 819
275 996
957 940
600 407
175 851
401 974
509 37
92 243
923 793
862 59
885 442
872 631
764 573
642 823
717 337
845 796
936 520
349 589
794 746
890 903
907 441
987 247
719 692
181 37
441 910
777 998
928 630
730 782
52 310
110 156
30 503
458 717
834 864
122 574
30 357
363 696
610 731
113 913
725 762
855 779
752 552
968 629
871 760
539 586
167 261
246 262
359 541
824 20
871 365
591 930
455 415
493 744
442 59
620 277
416 369
126 730
260 382
680 706
787 870
866 245
723 612
260 814
335 362
118 110
134 771
193 325
46 893
607 190
64 214
767 292
252 855
424 924
990 221
98 333
562 733
908 208
704 726
16 472
325 98
474 812
18 522
32 576
277 271
939 926
192 313
644 167
440 28
268 755
956 138
779 722
211 500
451 421
234 63
417 629
559 767
323 895
286 369
736 132
699 8
205 383
477 506
444 741
380 747
145 832
541 101
102 856
394 97
256 66
99 930
171 337
134 103
997 965
580 51
67 384
566 122
396 934
186 382
918 551
133 789
63 212
512 418
684 160
78 435
531 751
109 295
632 512
962 177
925 59
180 118
652 98
688 385
997 409
35 966
756 915
109 73
865 811
41 313
540 773
958 12
70 637
530 367
41 330
848 854
100 995
650 610
550 197
934 100
807 750
857 89
86 421
457 363
23 460
830 804
900 848
800 247
486 750
41 245
584 588
889 473
690 218
505 480
364 349
918 862
26 242
944 593
328 502
365 447
684 915
775 612
117 164
503 987
816 490
64 335
164 577
196 324
733 107
96 80
813 467
803 69
976 593
944 413
29 533
952 186
728 513
567 21
551 688
988 974
955 255
496 532
347 395
272 681
617 925
603 350
695 358
171 458
7 864
659 465
842 889
381 192
778 449
977 358
825 42
254 716
665 593
729 950
392 684
998 767
414 120
574 159
633 705
53 373
735 265
494 409
407 290
815 417
770 738
705 991
852 922
85 53
196 833
914 69
610 852
41 55
463 872
835 733
450 613
670 538
184 585
592 454
939 683
101 976
338 514
134 971
448 78
857 806
35 574
643 191
892 760
658 864
474 885
495 537
595 327
906 735
653 91
875 87
326 781
329 63
889 215
945 357
749 963
315 109
248 56
521 935
956 466
445 527
483 812
279 639
980 472
675 426
270 481
864 113
124 652
376 843
107 557
586 273
849 380
614 60
707 874
237 519
898 633
907 493
11 304
896 90
665 275
11 385
674 67
687 58
289 39
952 353
886 702
119 261
564 438
694 817
220 904
545 71
506 301
660 880
735 476
255 687
228 274
623 363
21 811
213 19
683 393
74 715
825 401
67 783
957 148
490 539
770 633
292 277
221 665
517 476
37 316
74 429
511 112
218 23
482 854
339 963
526 469
435 340
620 254
649 526
601 261
495 639
673 735
573 183
353 92
980 175
965 957
421 523
25 498
211 475
947 463
641 648
594 872
650 598
637 710
68 327
128 916
680 321
591 53
797 950
359 220
563 524
52 146
492 906
548 831
646 709
301 856
379 536
125 116
362 838
171 372
267 857
894 312
452 363
423 90
116 920
229 135
401 632
976 244
228 745
464 24
228 65
803 218
930 221
604 996
191 172
267 660
935 221
136 217
998 647
123 91
964 627
358 806
971 265
350 854
406 580
906 436
618 896
481 534
877 95
38 51
496 198
665 811
541 136
209 679
34 475
178 942
565 258
471 867
826 862
978 841
264 347
193 171
106 668
537 894
297 149
175 220
990 51
635 288
925 956
904 183
142 446
420 36
153 871
45 721
546 982
430 117
269 777
418 581
787 692
75 582
828 24
904 632
842 424
488 641
784 990
129 271
867 704
357 130
580 399
34 503
680 317
384 234
941 74
374 867
270 778
508 273
642 873
664 977
480 306
543 59
121 704
395 315
489 420
608 62
927 209
349 592
426 415
299 167
142 627
324 370
362 717
367 188
494 723
632 291
160 926
859 28
111 187
459 426
573 978
975 930
826 778
768 204
328 595
114 552
833 490
25 725
890 749
446 7
341 819
267 688
973 270
21 897
498 878
373 578
172 755
835 309
565 68
18 137
187 770
459 25
449 3
678 109
839 506
492 231
682 51
41 329
26 575
722 816
688 736
213 203
655 484
994 464
613 554
951 970
908 512
643 309
348 597
938 763
832 362
390 854
321 747
681 776
676 395
839 169
277 576
763 499
302 237
839 830
196 924
18 732
19 717
663 12
848 659
240 947
581 387
662 426
396 33
143 884
370 878
847 448
886 366
619 97
585 209
205 512
692 998
148 416
337 281
945 90
983 998
215 344
822 288
35 46
879 689
651 136
693 573
803 469
396 613
272 539
179 218
918 998
405 785
387 890
686 386
180 535
608 376
146 995
589 333
419 429
992 377
262 21
949 145
788 69
591 432
594 372
760 884
651 967
191 6
102 679
103 762
667 7
256 354
650 53
697 246
146 276
293 707
574 684
764 891
318 110
602 189
199 281
381 726
75 279
901 21
890 624
618 931
694 628
492 180
19 188
191 114
481 820
762 694
869 754
853 221
636 195
113 186
477 697
777 505
195 940
797 440
538 280
570 672
330 909
773 781
418 596
208 545
249 315
622 756
308 580
592 455
22 958
316 95
725 245
255 806
13 25
362 397
906 170
53 808
35 283
957 450
66 677
503 664
126 461
101 689
357 519
31 858
912 220
207 5
706 996
586 158
516 613
685 346
71 875
349 758
661 495
745 273
962 197
736 60
555 528
922 449
284 554
250 988
90 873
485 521
205 104
7 822
944 152
301 533
513 85
197 708
366 69
259 781
171 41
209 254
546 23
485 345
973 244
260 353
119 260
191 139
85 404
178 726
820 857
65 785
473 434
533 380
310 527
281 827
484 790
801 60
108 682
718 165
648 857
920 670
464 746
66 82
854 59
441 399
470 304
462 888
330 719
994 694
248 844
856 651
622 950
291 760
323 657
277 821
574 53
178 794
643 508
239 903
41 18
28 312
895 840
537 786
644 978
477 959
501 41
748 30
753 752
404 654
574 486
616 696
589 632
715 316
58 521
611 895
361 395
528 345
912 56
144 82
110 861
394 941
3 281
978 313
596 120
62 820
699 369
457 894
318 825
45 31
927 385
965 222
215 403
111 738
702 899
951 785
120 143
387 187
785 761
453 411
36 437
617 826
936 608
30 175
750 949
604 80
570 480
999 526
502 98
745 158
157 312
233 946
493 384
178 876
148 45
646 996
133 831
820 543
16 759
806 542
366 97
811 180
774 56
850 722
218 88
660 55
94 687
354 552
907 758
706 164
945 777
958 979
311 811
807 998
241 43
903 94
578 490
817 854
363 472
56 384
901 254
635 84
273 897
660 619
313 640
643 472
822 42
866 243
683 971
828 962
635 434
198 212
58 793
919 236
813 553
444 204
669 517
658 142
680 994
454 509
22 209
494 914
540 278
729 347
822 904
936 27
899 401
500 502
785 298
605 169
572 22
900 525
23 878
7 293
34 389
794 443
478 672
500 920
853 924
162 289
144 348
404 230
542 899
558 451
500 783
690 715
763 899
236 769
918 987
51 920
16 565
163 806
458 954
845 830
479 512
618 392
882 261
241 395
313 6
722 346
480 529
394 321
582 758
803 743
73 902
38 912
294 494
884 506
43 42
280 360
467 934
673 215
910 740
472 528
163 661
458 751
460 81
582 912
273 690
937 603
705 727
651 521
251 45
553 523
607 264
207 718
856 724
895 605
198 391
666 861
170 364
708 748
531 173
95 170
523 817
553 438
636 406
69 703
297 240
762 996
209 940
669 186
766 567
912 354
330 219
724 15
672 674
800 471
623 983
274 400
993 506
596 65
836 592
563 824
505 704
366 643
719 133
906 610
874 303
193 867
272 382
239 480
171 512
79 139
871 223
358 502
107 690
56 704
369 96
846 427
22 313
978 35
638 9
504 372
876 430
452 285
533 20
37 997
741 401
300 345
282 306
81 78
928 577
240 584
91 149
328 737
849 65
981 708
230 82
595 430
234 759
552 784
275 75
80 17
423 835
405 724
329 959
115 495
12 922
588 377
181 829
844 211
294 244
151 597
355 998
595 625
235 588
679 227
592 11
790 890
167 463
740 403
795 183
178 996
951 803
199 62
660 700
294 982
98 207
260 194
78 841
811 317
134 687
672 2
748 789
315 432
353 507
354 20
799 780
411 199
655 360
737 605
754 533
630 128
776 143
155 218
344 145
936 437
828 227
645 467
957 449
857 853
452 671
879 784
573 145
97 216
405 271
925 264
585 283
714 89
295 720
979 87
893 549
567 804
664 765
39 739
547 264
34 461
417 563
953 737
951 58
257 42
556 458
775 872
764 677
875 772
966 733
54 955
989 276
387 968
103 426
163 785
497 975
742 199
231 582
34 30
381 181
510 523
556 127
663 949
651 917
712 133
731 227
287 577
664 40
573 936
691 785
746 428
105 316
87 244
863 631
719 840
8 667
602 239
842 607
752 688
533 379
256 473
683 34
920 880
747 923
949 491
921 766
365 20
57 803
935 136
80 140
247 16
360 940
204 229
249 500
863 184
216 235
198 463
951 775
381 987
905 303
653 697
394 812
507 941
808 446
882 755
666 516
523 889
965 520
537 785
375 984
353 368
965 665
748 31
567 757
771 464
330 128
24 875
97 139
689 591
767 402
750 764
264 501
612 728
838 187
73 115
664 682
922 110
740 809
688 284
373 256
134 944
516 602
349 311
149 353
770 477
441 465
421 875
375 680
849 461
546 487
195 239
417 313
433 344
405 840
872 649
747 571
439 633
194 871
523 106
335 696
873 225
401 638
976 246
797 504
746 384
696 661
54 451
265 170
39 21
132 393
685 547
518 815
759 743
143 980
679 69
425 274
56 487
337 718
727 915
510 995
522 787
262 542
181 742
420 610
960 76
183 870
78 790
669 881
799 934
194 275
820 451
407 835
991 122
958 369
652 644
853 5
654 78
89 488
143 719
285 640
233 825
577 67
417 974
255 396
990 49
22 69
867 262
338 456
155 130
925 954
196 574
610 124
576 180
408 550
444 303
527 523
487 126
401 635
386 229
795 323
335 58
598 628
388 234
664 646
936 171
392 969
211 505
802 556
305 76
767 148
974 902
793 983
576 449
443 218
318 986
724 825
590 806
477 503
927 245
824 810
716 840
926 215
978 207
335 638
293 890
699 235
862 869
43 271
564 731
581 771
52 503
169 989
901 652
390 131
671 278
656 629
930 140
293 604
385 513
498 138
617 192
623 94
574 961
925 56
806 382
569 22
459 138
811 433
321 173
592 32
352 837
977 986
907 930
431 401
269 278
971 132
368 479
610 624
665 773
83 973
854 211
123 327
568 56
218 625
592 334
477 708
204 956
549 816
950 964
965 622
737 560
627 836
745 989
616 467
675 998
71 317
148 878
754 577
31 979
838 481
913 958
127 122
199 665
383 460
387 275
689 919
373 166
876 613
439 479
532 446
616 768
143 358
767 59
469 868
127 856
365 979
558 2
797 858
675 290
380 548
504 741
149 983
576 301
343 257
953 565
701 635
225 418
153 445
376 818
174 485
840 193
811 517
128 205
277 288
607 881
709 131
664 862
572 639
759 253
63 868
375 950
376 528
343 212
238 506
204 318
441 84
81 77
445 548
284 742
124 485
252 18
364 564
751 56
437 384
88 942
613 546
794 963
451 114
302 774
391 595
68 748
15 487
570 484
708 924
547 534
881 448
476 956
592 125
503 414
369 52
955 813
942 833
356 310
982 70
750 226
769 929
424 686
459 788
703 232
265 322
283 642
485 743
676 717
532 384
535 547
518 695
723 707
348 692
878 753
26 384
31 657
415 758
9 551
710 361
213 975
452 521
514 540
737 717
535 374
226 330
637 876
212 137
141 406
641 903
222 806
69 145
568 528
579 706
535 84
331 666
926 563
875 985
394 132
1 258
936 867
679 917
496 938
888 412
997 582
979 967
942 185
712 714
16 193
698 933
774 534
104 538
926 749
563 565
585 45
825 542
898 338
521 821
388 740
794 355
742 117
604 967
451 156
492 816
73 658
684 438
263 309
727 368
530 972
290 117
505 479
901 691
797 354
949 167
955 506
354 659
742 806
907 383
894 765
361 516
147 194
20 188
321 331
896 835
416 161
379 42
231 251
405 586
868 254
172 693
194 413
69 799
679 134
709 342
134 761
339 633
191 504
752 494
627 542
936 41
652 737
356 520
819 176
749 463
163 270
942 686
264 305
424 55
649 930
524 570
340 107
269 848
370 978
532 192
652 342
502 387
196 618
969 302
165 721
439 406
975 192
103 919
282 95
135 972
802 662
987 670
948 648
823 268
791 210
372 73
634 676
409 117
799 180
529 976
992 86
46 377
528 136
638 247
861 268
242 732
958 766
867 903
617 824
48 109
64 275
488 868
586 159
972 526
2 658
901 518
629 897
996 388
104 788
547 914
327 469
664 150
774 175
261 264
228 253
491 288
380 16
695 427
128 467
627 17
868 813
468 199
711 657
198 876
403 494
110 104
38 965
518 51
812 276
427 318
891 373
178 760
432 712
532 235
844 133
683 1
902 813
73 494
964 638
345 202
513 555
928 199
416 939
56 386
921 898
373 653
890 281
448 380
880 351
753 39
346 599
847 949
294 799
446 682
92 986
365 426
170 680
988 107
140 320
225 350
291 493
643 363
667 113
451 762
841 422
472 319
808 185
136 630
433 180
371 155
549 206
643 9
40 466
849 876
442 330
704 105
444 300
665 99
92 286
129 268
535 156
318 840
223 95
481 660
1 330
281 234
67 729
140 795
841 994
895 307
77 432
258 714
346 423
462 90
31 451
215 294
110 456
201 492
955 215
685 66
188 766
797 520
954 37
445 686
244 322
693 504
886 835
774 139
171 482
985 570
323 191
677 852
396 817
660 102
882 146
935 412
369 301
205 191
715 82
560 769
462 534
856 777
232 99
273 59
418 456
898 769
955 659
423 857
797 76
303 391
251 958
786 991
829 603
958 161
743 949
325 748
87 413
695 706
368 321
557 983
226 867
887 122
854 97
88 832
380 504
199 84
754 269
668 253
571 860
320 275
174 626
587 503
952 856
994 495
619 550
38 307
778 929
662 630
535 764
539 249
443 716
979 494
860 245
196 908
74 441
917 940
5 606
84 57
156 734
454 479
135 652
576 145
73 185
623 977
6 679
170 817
814 254
486 95
890 71
98 591
504 394
486 46
968 313
913 616
145 518
292 883
24 753
560 995
299 197
542 535
618 3
817 20
363 947
306 531
552 327
239 339
357 164
582 423
340 982
78 70
23 707
172 255
765 152
569 295
826 12
484 136
233 904
489 278
508 22
764 839
160 957
379 291
915 831
502 538
938 356
519 193
209 288
467 836
945 628
530 753
186 624
877 9
122 316
177 851
622 191
53 192
950 630
313 371
744 73
561 693
360 946
751 654
557 705
781 589
912 644
786 229
573 163
74 723
950 912
990 861
61 951
578 67
818 677
910 173
643 274
385 685
1000 943
31 545
433 274
804 743
616 607
486 793
841 382
326 246
255 212
58 624
738 238
666 371
595 331
456 343
754 836
224 199
229 779
602 894
157 749
818 233
33 807
112 524
735 636
594 896
742 264
842 370
646 578
98 962
945 123
853 850
358 400
381 81
7 13
474 292
861 344
707 741
750 720
76 391
538 668
703 762
566 533
580 119
15 292
396 874
845 85
593 132
519 148
102 582
285 62
649 487
453 905
185 531
792 317
61 459
707 426
322 84
113 121
324 802
226 696
498 949
1000 463
920 867
565 185
930 518
878 432
327 90
296 438
463 554
925 257
394 859
721 548
217 84
951 769
734 659
971 79
411 971
356 521
486 584
783 276
507 943
127 334
398 818
550 745
406 265
668 84
587 12
625 337
607 65
455 724
39 917
743 385
190 515
729 211
3 124
408 716
316 493
101 833
412 952
783 603
349 19
316 348
444 265
512 881
361 701
19 887
481 244
447 523
527 727
749 931
898 21
516 580
224 82
97 452
888 441
814 929
282 382
492 40
737 148
614 242
563 528
82 434
903 372
391 982
129 227
354 850
427 898
686 318
637 405
414 156
287 662
833 49
264 549
779 198
855 435
640 128
987 123
542 43
302 972
217 756
270 366
199 444
975 891
123 238
935 217
459 224
687 963
70 570
986 211
593 275
782 231
485 77
414 747
327 62
169 164
665 815
613 673
616 219
677 324
296 289
777 310
687 799
445 384
765 855
166 346
829 506
922 652
382 579
303 919
107 254
342 635
734 425
476 425
278 211
534 288
653 957
361 639
514 453
397 255
678 336
844 552
128 168
979 307
192 143
176 516
729 344
951 297
771 95
225 73
814 227
33 894
478 137
201 32
20 620
576 84
688 61
463 352
894 156
456 498
862 702
614 271
391 20
927 102
430 970
514 9
537 472
872 969
729 788
608 67
571 73
440 565
386 949
902 307
461 929
408 19
764 606
840 54
750 537
977 387
767 554
470 184
574 602
603 452
526 648
232 100
622 305
439 349
627 413
460 76
975 863
946 775
412 239
858 75
347 450
114 459
117 984
501 569
191 349
676 339
251 46
70 550
894 788
212 871
942 922
299 756
569 246
910 736
661 718
425 730
912 552
969 937
770 650
601 54
947 990
625 136
610 828
496 452
832 366
635 339
505 122
123 679
839 165
866 5
39 861
5 605
409 380
463 177
121 74
117 814
781 236
50 118
24 933
633 999
942 449
357 751
813 306
767 84
126 292
349 427
19 830
500 217
980 227
457 170
117 191
633 193
905 946
410 368
214 842
895 321
685 131
7 411
660 455
521 799
63 896
135 119
599 675
214 391
90 913
499 268
438 351
756 462
24 63
206 811
797 668
252 189
569 741
362 557
104 876
384 903
189 716
234 611
143 175
695 402
536 9
295 32
613 37
228 5
180 416
773 223
76 209
886 710
281 803
713 967
268 771
768 347
143 77
789 281
593 458
722 750
579 139
251 202
180 198
808 679
649 89
856 691
964 710
752 452
554 70
4 59
235 879
553 262
421 478
95 139
443 634
380 538
977 742
852 790
377 498
639 462
30 866
911 671
678 190
37 14
335 297
908 951
934 871
870 609
28 502
321 612
654 294
931 767
914 499
679 689
524 886
357 515
598 579
970 938
53 982
315 243
499 334
780 95
231 959
795 895
969 18
679 919
352 124
286 291
272 349
721 514
774 532
889 820
727 556
931 59
419 367
686 307
500 834
447 325
183 540
793 175
940 74
581 947
820 656
747 592
950 23
100 270
814 582
871 563
929 296
638 778
159 631
327 529
788 101
419 730
693 16
264 872
398 503
971 403
198 328
815 610
650 378
518 375
833 327
984 845
804 630
414 652
74 613
41 372
350 782
901 134
260 18
338 814
213 30
51 175
805 378
6 181
536 545
574 57
5 354
338 705
246 478
302 476
359 725
985 94
109 814
516 114
240 35
539 307
997 670
959 630
912 399
415 724
52 690
117 275
57 344
238 669
524 564
545 631
417 912
130 503
663 195
352 331
120 727
62 734
581 438
49 749
521 63
516 295
741 816
706 597
127 909
20 585
884 776
296 785
518 942
680 843
598 734
527 726
328 130
692 1000
704 301
64 652
407 596
568 780
440 939
771 913
922 271
712 887
875 741
37 856
958 764
101 149
896 910
158 996
430 649
370 938
898 423
464 255
638 983
729 985
713 508
627 98
662 423
133 827
137 353
593 231
189 756
528 740
157 86
102 587
432 635
52 316
163 765
995 420
595 96
455 230
20 449
539 723
13 507
599 175
128 858
401 302
420 542
440 180
189 327
887 144
674 949
402 144
521 94
653 57
969 908
511 829
278 502
482 21
338 706
692 128
198 185
277 710
44 855
45 554
764 199
191 764
31 619
456 567
588 832
192 17
28 399
742 604
587 184
148 708
439 327
499 744
788 973
10 805
602 983
641 973
490 429
165 755
224 273
352 454
68 386
417 670
572 18
150 248
63 649
46 441
379 876
513 420
605 214
187 101
116 5
651 274
706 859
658 726
694 263
326 763
115 116
617 262
538 674
560 182
637 440
659 586
196 624
29 990
859 19
627 495
773 463
853 963
671 416
276 984
904 385
265 73
564 363
268 792
802 288
811 434
137 135
963 783
81 939
144 677
649 60
482 471
29 957
502 914
873 542
88 834
167 587
507 776
289 445
146 94
9 814
619 651
820 919
929 653
144 579
640 600
471 770
113 354
829 428
578 236
942 629
458 272
514 644
71 169
104 569
458 62
95 295
406 310
944 873
219 805
307 303
515 882
316 39
588 61
281 73
53 832
258 104
593 843
213 522
287 247
365 831
150 21
820 523
692 728
785 266
490 16
419 20
371 303
861 792
266 897
576 288
957 637
392 734
391 123
288 212
159 239
141 592
626 666
560 884
600 589
580 383
375 621
339 427
965 291
949 942
436 535
720 618
93 744
957 863
752 209
597 532
711 932
893 65
685 821
584 88
198 904
971 648
719 618
461 166
386 666
876 743
155 628
816 778
636 395
945 618
621 729
731 441
109 261
474 130
113 962
612 492
152 642
636 506
882 762
379 3
314 620
682 254
943 418
83 775
996 492
479 92
293 288
4 917
304 967
649 169
969 580
382 531
476 588
723 693
479 363
136 323
674 735
862 168
80 736
35 548
678 270
771 504
26 161
391 411
838 448
343 994
923 968
115 579
248 352
581 354
174 72
606 975
316 107
921 293
227 990
672 561
267 375
196 279
947 505
125 144
480 34
776 719
851 21
248 62
448 512
628 417
920 410
386 458
896 935
513 285
469 579
112 748
811 528
229 183
79 280
825 652
456 233
223 685
632 130
325 442
391 893
205 99
414 817
882 329
150 863
778 28
551 769
757 251
406 848
452 755
233 631
356 247
751 61
32 261
911 137
845 437
276 912
777 173
816 645
87 470
90 438
581 429
902 983
873 581
86 170
569 188
21 821
5 464
248 849
502 986
736 998
43 562
155 412
636 851
989 5
737 524
100 560
598 275
212 458
985 206
89 257
771 327
476 455
622 392
284 373
619 881
856 93
163 229
218 854
828 131
424 201
758 68
447 855
247 705
486 827
141 306
992 924
726 323
745 692
945 298
379 978
583 504
362 140
14 525
703 15
130 879
562 53
893 709
839 547
829 559
883 467
996 722
227 843
232 575
448 620
12 165
31 91
586 782
804 217
771 912
654 623
495 142
405 114
383 270
270 816
880 702
257 443
890 282
543 77
929 489
893 920
414 115
197 897
950 65
845 789
777 525
485 134
585 296
414 130
589 272
536 420
223 534
404 412
575 65
198 976
721 41
884 483
869 113
824 334
878 129
755 374
242 159
276 512
869 450
228 478
798 966
752 720
493 46
644 353
683 2
540 649
281 794
803 957
19 138
129 734
636 142
222 539
708 614
859 498
352 767
290 971
597 335
238 813
564 37
934 115
114 534
668 11
378 99
151 974
606 331
274 358
347 932
944 846
834 430
108 79
145 467
148 854
592 388
123 522
415 344
182 637
148 709
244 441
648 261
689 623
546 976
654 287
733 382
900 635
761 109
500 199
546 835
984 268
123 872
804 31
914 842
178 901
535 153
794 21
63 648
465 745
140 903
470 666
549 301
743 107
175 655
117 725
712 912
332 750
331 901
48 189
780 838
84 587
180 906
732 79
915 729
573 665
691 282
533 142
340 812
503 456
354 884
559 843
966 827
556 67
828 952
388 989
64 853
238 77
954 770
167 115
423 197
171 116
502 582
380 824
18 481
864 635
242 131
61 605
760 572
63 435
388 664
73 640
363 669
644 460
440 226
631 300
941 810
378 306
565 78
696 915
826 538
539 559
540 796
123 490
251 145
271 324
368 467
846 712
5 296
66 774
325 523
878 729
344 11
92 953
330 994
347 896
900 426
830 815
930 897
201 791
681 29
221 332
907 422
887 699
224 335
991 649
118 879
786 685
767 86
787 726
383 345
449 527
387 676
889 60
102 307
656 235
343 575
272 228
993 110
595 398
779 759
395 238
859 517
879 590
456 16
955 22
59 93
103 727
138 324
819 583
286 683
59 970
975 328
98 940
281 372
396 611
126 384
788 365
845 844
431 799
361 183
91 458
812 42
10 124
263 354
176 332
512 278
198 905
935 300
774 106
671 502
506 574
358 567
398 366
310 906
238 73
742 905
447 231
983 401
594 651
988 521
437 317
593 447
280 504
755 479
777 1
725 699
255 524
810 569
920 567
946 523
401 528
948 205
246 496
670 630
393 490
91 709
897 624
99 206
669 678
478 428
112 67
882 603
944 790
597 964
800 298
196 995
13 19
516 190
24 788
520 185
792 958
195 827
429 867
766 596
782 793
584 321
776 402
316 443
465 535
942 483
267 281
675 740
197 104
35 261
110 843
300 871
429 5
710 926
241 953
19 973
50 120
818 375
984 627
422 801
137 983
599 611
121 416
693 746
487 753
54 956
366 898
771 964
742 344
335 909
817 134
12 480
566 495
641 496
591 380
741 303
478 927
724 595
105 5
582 529
196 212
682 671
468 497
40 960
459 411
431 529
252 50
878 234
941 592
229 846
335 868
713 995
240 409
848 88
778 383
30 640
551 102
437 642
294 21
367 577
265 273
947 717
820 69
948 50
161 704
596 748
563 413
356 421
229 689
527 126
51 177
951 770
790 644
458 149
633 609
207 562
872 934
93 978
729 54
187 827
507 928
644 73
739 77
868 431
757 379
433 418
354 200
982 209
910 438
269 909
307 358
753 746
438 524
424 202
689 578
1000 797
862 423
365 885
520 804
315 160
957 337
260 743
463 24
525 45
72 243
129 292
610 439
137 785
390 717
908 10
947 468
54 894
75 689
335 544
724 802
763 780
279 695
515 265
747 272
992 473
244 318
964 23
968 82
765 883
678 13
740 305
366 248
242 954
229 128
591 630
206 656
243 853
584 480
114 83
976 122
226 633
484 929
513 853
557 612
100 145
997 365
359 900
804 791
380 353
346 817
293 278
310 668
721 347
765 626
490 593
184 187
645 82
80 508
136 62
943 285
104 498
344 385
75 51
683 944
957 177
999 602
868 228
485 908
749 431
773 847
545 918
680 857
795 56
822 787
435 441
364 369
573 99
42 335
369 653
740 916
300 521
541 709
502 483
912 139
165 753
757 119
67 959
84 775
909 242
40 357
851 95
961 739
102 765
621 931
720 866
556 504
595 98
969 185
386 435
802 779
694 261
819 416
980 163
479 761
542 985
64 904
104 741
690 596
533 250
29 811
410 735
911 445
253 333
533 107
402 671
556 60
370 235
119 420
101 105
375 862
565 826
436 502
272 867
792 90
759 756
959 22
603 104
803 634
703 29
946 770
567 536
845 380
901 271
375 493
179 318
79 967
787 63
91 986
184 232
904 225
889 79
644 227
166 155
449 320
269 354
861 712
751 596
130 744
863 14
65 453
981 223
766 863
468 6
800 271
415 686
515 884
883 846
114 797
198 269
444 238
852 211
376 268
653 990
982 618
701 946
593 841
830 526
979 208
856 133
433 212
288 689
952 664
184 770
225 106
256 54
562 107
103 73
710 947
897 758
604 914
809 386
918 44
166 769
45 976
151 524
418 834
995 634
724 858
943 568
512 602
710 748
750 585
785 699
533 173
754 92
93 742
441 381
149 180
923 853
543 4
30 233
253 860
141 816
789 900
42 539
663 943
488 207
52 464
254 538
203 612
497 775
498 88
834 670
584 425
952 333
418 377
312 236
470 487
333 362
685 725
836 327
837 938
493 100
77 869
742 256
929 988
881 507
238 840
133 164
942 842
924 849
449 119
303 276
217 979
513 526
722 892
881 37
311 670
593 745
578 95
88 975
655 449
308 732
436 393
476 590
845 521
495 167
50 311
692 890
948 492
863 243
297 214
641 873
2 293
403 798
316 453
411 507
767 484
14 644
1 635
224 978
520 777
867 466
761 187
83 419
527 590
966 410
36 43
921 299
558 176
226 425
905 834
927 261
415 49
292 780
404 838
137 837
407 589
512 951
928 74
521 943
629 150
898 299
940 807
263 18
250 773
197 794
662 188
132 863
295 441
651 173
985 811
374 845
491 642
993 964
335 573
376 962
972 630
989 560
497 850
495 443
436 532
324 689
518 185
977 89
6 493
592 816
226 594
378 393
929 15
161 485
952 472
327 304
797 48
998 659
160 187
747 913
87 464
569 81
422 95
243 718
338 922
85 255
222 312
976 332
904 185
174 575
618 785
714 592
716 134
517 435
994 288
429 531
106 672
14 471
810 350
984 101
123 755
506 233
147 611
114 978
408 673
231 361
711 861
326 71
662 685
495 724
921 485
994 245
154 282
173 304
139 608
909 124
469 709
477 143
844 919
577 308
939 941
300 949
301 396
840 578
163 503
827 844
476 150
352 428
358 86
533 914
573 401
97 472
888 445
962 988
211 336
31 69
450 324
904 769
477 493
150 317
945 923
620 547
733 220
640 854
813 164
138 492
287 781
54 8
870 625
870 430
284 517
841 426
586 625
215 603
449 673
108 848
351 558
683 358
441 919
632 382
261 132
194 169
966 36
251 824
33 109
453 984
60 770
533 655
405 677
582 943
699 641
807 250
868 8
355 983
825 219
75 468
294 54
646 283
152 619
122 793
881 697
982 387
411 416
324 873
517 6
96 920
886 815
562 945
190 886
51 140
532 581
94 210
331 140
60 326
575 353
193 163
302 511
52 738
634 441
726 870
585 626
477 879
338 266
507 572
41 931
23 16
579 640
886 751
308 938
992 971
386 76
849 699
526 556
25 293
954 490
794 882
63 650
486 7
348 60
850 218
334 507
818 316
237 137
573 550
975 374
599 554
676 817
436 574
908 364
789 254
333 146
816 180
245 966
375 571
585 377
879 379
242 844
997 972
823 832
402 668
629 529
778 67
45 448
928 572
267 970
859 20
557 421
172 965
545 293
964 441
916 324
310 607
66 499
263 687
68 517
947 749
950 623
4 813
333 679
186 194
156 43
8 439
541 243
429 697
195 555
754 262
829 312
83 586
925 709
564 59
145 147
364 33
237 301
369 590
758 480
853 404
838 328
745 102
952 955
511 48
645 504
813 518
943 135
567 571
514 421
788 836
951 664
113 360
183 818
439 420
188 228
761 158
407 346
268 12
841 905
538 350
504 32
605 134
163 399
862 271
97 407
353 781
922 807
713 153
624 384
731 726
276 357
280 864
445 110
284 824
980 461
915 646
76 698
276 468
311 766
685 16
676 183
124 686
385 150
606 427
483 537
390 71
146 987
669 429
816 47
172 58
459 227
431 910
267 921
345 585
971 653
722 313
885 667
713 522
458 699
178 785
403 22
637 187
216 585
893 273
489 571
551 239
42 461
157 357
967 895
803 998
56 97
320 598
82 845
857 369
472 785
234 912
878 409
860 892
402 68
564 104
657 954
804 959
297 59
865 620
635 21
230 971
302 452
948 382
571 781
199 964
991 440
494 640
685 312
411 220
250 108
734 474
147 582
494 883
867 247
705 240
815 127
212 32
585 522
567 750
273 364
721 845
48 412
406 64
325 144
917 891
277 477
408 612
117 30
687 166
52 508
468 360
107 472
454 335
24 564
131 888
480 182
630 250
840 835
884 935
387 531
127 793
211 439
858 774
841 44
624 428
73 442
810 977
279 630
157 522
474 702
92 225
281 342
582 388
659 681
966 615
348 266
524 261
326 187
855 309
508 192
844 660
209 101
16 447
51 838
825 883
509 746
829 843
417 58
133 852
134 183
318 464
449 647
983 454
769 372
937 762
298 932
650 209
725 635
467 871
574 552
186 529
462 962
985 279
949 500
520 309
661 544
20 408
712 474
433 135
907 928
910 449
198 439
678 877
576 739
739 145
502 985
496 34
891 939
348 614
921 714
892 567
14 327
17 33
787 965
383 172
809 29
576 816
80 719
691 97
659 685
821 750
457 443
596 162
908 806
788 892
737 860
396 481
608 751
951 369
665 544
46 417
927 504
913 666
110 724
774 613
832 790
137 864
529 970
144 360
186 159
907 213
68 223
286 402
483 704
209 391
395 278
793 827
366 783
441 180
318 658
673 993
871 962
765 91
604 223
825 798
536 423
783 567
445 757
546 192
419 762
974 360
243 286
321 440
546 51
86 888
57 102
644 375
518 53
901 435
816 725
285 142
716 374
665 528
51 497
911 31
659 238
700 996
562 991
134 588
841 42
553 672
330 747
350 238
276 661
575 275
706 94
464 605
528 866
795 984
415 918
198 290
960 666
56 375
678 107
40 811
38 266
494 696
689 642
961 165
108 649
69 416
876 48
505 466
963 475
149 617
848 672
334 687
853 721
45 917
921 369
506 504
10 688
239 329
230 479
638 424
306 263
420 259
573 323
357 147
926 525
449 210
551 346
882 386
153 57
392 863
488 936
469 939
36 322
534 449
239 325
626 732
168 745
334 154
597 232
251 520
286 25
695 231
428 229
780 935
547 948
659 590
918 573
233 807
306 941
935 410
436 744
764 168
142 666
143 199
772 757
94 526
669 155
428 212
857 491
878 19
436 226
294 192
646 373
778 309
392 72
96 822
246 376
47 889
549 711
952 239
57 973
921 864
518 706
276 681
100 917
232 269
873 659
251 259
775 996
170 743
8 150
412 680
985 154
198 153
979 500
501 120
340 58
657 136
344 189
161 857
861 1000
308 536
990 20
205 836
114 795
170 537
144 244
3 187
931 993
781 152
398 696
112 407
560 699
106 189
900 349
336 938
188 971
300 781
463 323
112 629
348 707
391 119
709 8
383 521
225 443
300 51
159 376
163 893
220 378
846 34
759 775
975 762
335 603
765 146
259 583
474 509
543 407
102 717
379 328
290 475
509 709
863 906
935 297
869 37
816 959
981 603
36 669
551 793
842 879
682 984
185 96
651 847
321 352
926 199
160 802
406 827
233 573
91 907
204 106
646 337
317 325
172 712
126 943
470 301
553 623
679 155
995 717
4 913
385 945
886 997
133 307
209 597
139 954
105 644
329 536
971 89
701 272
163 280
672 26
285 521
277 649
100 536
374 427
526 84
165 964
559 148
728 144
191 816
313 930
807 80
5 956
60 560
363 720
624 112
680 930
628 536
741 775
379 970
680 56
948 691
532 946
461 404
407 734
729 516
733 468
486 204
896 488
309 589
456 15
718 299
421 895
909 538
513 273
626 698
955 164
137 549
444 679
910 872
569 554
162 464
129 153
23 765
535 188
968 136
381 333
169 981
590 3
112 974
943 940
969 795
440 464
152 452
650 79
302 954
376 674
195 422
15 339
199 470
761 989
318 416
584 342
579 221
341 242
159 801
137 218
551 941
195 597
626 435
203 78
921 943
962 810
375 324
216 243
194 949
113 349
277 828
499 836
999 563
395 641
322 483
714 929
416 868
239 910
644 52
611 59
80 561
282 789
9 763
49 518
909 408
322 530
35 631
622 665
236 428
952 901
478 369
724 361
796 782
174 383
434 971
161 769
738 29
130 622
313 958
597 854
525 217
601 275
834 173
457 11
990 383
760 428
438 813
613 681
295 748
137 790
174 219
120 168
930 632
23 946
732 240
272 446
921 39
962 845
524 196
414 484
72 27
474 659
342 913
917 19
849 453
423 366
638 73
85 43
842 626
592 609
443 385
243 195
293 115
806 644
533 84
590 31
444 937
584 404
983 116
585 706
860 481
664 820
742 965
285 28
167 675
972 890
242 155
797 97
467 770
160 874
722 940
104 215
34 766
142 360
385 840
522 795
407 271
886 232
791 613
167 399
735 107
230 769
616 412
857 217
803 427
921 820
902 721
672 66
250 50
123 288
621 225
288 347
930 774
400 261
183 522
790 534
813 911
815 65
728 217
909 444
182 710
2 376
630 200
23 18
652 482
639 274
897 149
507 687
991 657
577 357
230 333
925 803
175 452
398 733
455 980
832 85
833 791
641 625
309 995
934 642
174 247
837 93
520 231
59 53
301 517
894 17
235 404
399 519
827 72
441 501
956 428
266 200
604 414
811 604
957 822
707 927
600 749
840 644
440 682
292 651
243 223
940 15
581 779
594 690
54 133
38 574
82 690
726 395
780 567
195 465
401 594
897 373
155 163
599 104
786 583
475 670
4 664
812 759
775 509
816 754
856 959
583 564
823 730
620 98
55 779
39 390
717 115
800 838
752 591
380 384
473 98
990 729
133 222
28 36
394 650
235 744
106 821
256 679
810 242
919 436
77 561
142 799
799 898
676 377
606 408
164 395
437 921
552 556
89 460
17 95
979 503
579 53
356 862
514 297
3 45
136 650
727 962
448 236
748 676
733 301
805 224
862 467
993 384
889 87
541 678
447 875
880 830
974 600
132 334
667 880
597 767
600 141
13 350
676 226
969 120
419 27
595 402
462 159
258 310
704 362
85 977
799 117
626 229
253 155
346 495
823 19
439 874
577 909
15 594
310 752
617 508
438 422
385 298
825 680
80 928
254 910
239 62
7 196
858 356
930 424
401 685
54 353
186 281
261 329
164 644
156 433
104 994
985 543
569 344
308 244
971 540
703 134
263 495
177 626
63 66
35 967
454 709
227 803
163 696
630 674
578 265
940 416
492 287
627 748
367 553
207 772
871 998
807 905
730 239
89 157
234 926
449 229
469 234
786 220
510 214
832 418
304 843
66 870
378 52
624 772
142 179
1 813
91 729
256 818
776 41
282 830
264 285
985 245
605 548
183 626
610 218
724 342
887 746
516 746
892 668
697 922
311 302
61 259
173 457
515 994
883 732
130 412
210 846
230 277
306 381
658 998
184 801
884 818
335 250
174 434
303 536
896 634
839 570
401 133
776 796
455 462
975 10
550 954
223 906
442 111
885 313
941 119
564 982
103 332
664 996
992 49
208 480
120 236
181 307
128 161
721 806
724 607
907 393
836 113
31 273
533 63
220 718
901 699
150 737
816 973
944 146
873 12
39 155
385 464
946 999
105 299
143 137
271 964
970 635
189 603
713 693
680 808
310 517
456 952
123 72
160 190
565 611
717 886
124 757
313 400
86 420
651 584
963 714
602 22
492 146
937 299
167 490
540 832
861 668
74 766
848 777
578 190
286 939
639 539
182 840
130 687
402 328
705 33
647 834
583 64
285 663
763 452
784 719
785 26
588 681
112 242
774 942
499 530
406 98
616 674
871 346
302 51
840 758
771 104
97 243
297 465
62 851
874 477
305 974
692 750
828 921
279 438
671 848
504 90
36 217
25 988
300 214
905 972
728 681
305 168
949 719
509 72
970 682
66 789
996 686
68 217
219 447
825 578
960 460
917 972
524 340
341 736
162 501
718 38
556 197
333 124
299 180
266 55
124 327
591 461
336 447
264 556
462 659
929 206
103 679
538 508
825 909
77 968
669 260
907 659
810 445
39 12
612 466
61 564
885 962
377 903
85 446
731 484
311 908
826 400
762 530
981 884
965 664
759 755
200 715
95 922
425 170
962 67
981 997
869 680
947 813
161 736
664 229
459 967
26 558
887 31
84 472
526 243
643 437
825 442
677 377
631 661
888 834
338 671
360 687
435 159
199 910
667 472
575 755
339 891
856 399
388 796
130 290
538 423
840 643
72 749
466 450
596 192
279 244
338 336
801 892
415 468
44 497
538 377
391 367
619 126
927 329
984 273
47 155
3 383
478 543
82 220
535 788
731 451
269 625
399 518
96 63
884 8
617 883
300 73
525 640
254 768
951 234
718 147
333 143
983 821
766 191
110 323
439 112
183 397
211 572
158 85
829 768
521 599
835 115
980 872
747 687
877 756
549 833
612 99
267 604
475 657
648 573
837 835
380 274
455 192
699 686
612 69
961 347
617 489
116 53
556 636
457 817
711 288
344 498
612 187
740 368
174 357
377 366
85 37
144 513
772 75
22 574
39 628
672 111
342 809
753 852
862 182
946 213
201 794
184 552
357 647
362 303
41 882
153 840
117 7
49 303
356 957
336 797
905 249
837 175
140 977
592 22
988 269
349 660
757 504
172 322
850 189
840 184
742 503
525 339
943 708
417 414
625 815
111 812
295 445
810 907
104 694
491 666
845 839
609 493
758 764
732 479
660 300
57 337
538 640
390 213
194 970
142 113
744 260
906 63
30 399
103 751
426 152
600 536
601 558
367 849
212 3
901 393
761 944
868 124
564 341
910 377
802 350
307 804
740 54
36 674
553 621
131 387
756 824
78 804
669 927
817 916
537 233
571 913
91 683
888 779
479 448
27 195
531 211
850 928
557 987
796 181
320 230
908 991
640 937
308 591
683 525
301 984
856 71
892 669
72 726
549 940
239 842
718 968
889 385
107 76
900 681
975 247
224 758
233 502
297 192
486 667
481 224
136 901
676 7
845 696
735 612
576 403
336 904
278 879
707 683
562 154
196 428
275 983
876 589
346 448
220 425
168 532
259 185
375 591
413 814
487 232
505 806
241 504
385 422
465 240
216 778
647 479
879 45
996 195
203 551
594 335
315 914
155 953
325 184
988 635
575 181
812 297
216 552
358 935
420 658
134 468
800 784
673 6
364 823
954 537
21 974
281 945
212 643
284 16
433 874
329 681
332 292
705 774
597 272
1000 326
216 245
911 986
180 509
240 203
260 168
479 292
764 185
261 939
909 261
912 631
325 974
438 743
144 784
606 224
109 952
438 662
296 107
994 30
575 559
444 35
841 433
35 454
722 392
805 214
24 885
544 616
502 408
252 418
832 75
799 409
231 75
767 21
475 61
606 941
679 803
707 758
948 768
184 941
538 4
724 815
563 747
551 175
15 844
197 873
699 302
594 239
611 727
667 601
376 772
840 179
372 891
988 27
241 698
812 201
465 50
451 99
470 973
521 681
78 134
831 460
765 88
108 829
416 21
197 540
722 365
834 595
281 593
444 939
998 454
547 874
570 201
147 376
370 83
150 893
209 215
446 132
907 658
18 503
845 450
414 581
583 485
299 482
694 745
863 738
95 884
21 625
777 243
446 486
104 217
901 82
734 547
284 20
751 718
476 748
872 953
118 345
217 184
951 893
553 310
751 575
592 348
912 595
325 930
911 687
348 581
535 723
856 400
890 485
876 51
876 525
168 399
222 197
126 116
615 662
42 194
784 812
503 346
349 222
585 63
631 680
262 297
984 355
527 541
641 966
415 471
442 339
79 922
795 349
637 924
448 928
554 748
211 387
659 919
396 279
991 33
441 394
997 645
586 812
515 360
167 549
904 701
675 103
779 431
780 892
619 300
544 474
268 428
219 186
625 915
332 635
885 609
667 722
337 203
335 576
910 806
747 384
643 542
275 749
718 3
775 72
9 441
971 741
533 118
304 884
208 215
326 320
467 962
11 372
674 280
626 821
557 417
542 15
607 891
765 350
289 251
63 441
781 894
29 249
88 555
217 841
554 328
892 1000
902 774
691 625
673 462
468 702
720 514
824 78
916 678
631 219
333 564
708 576
288 155
159 904
643 515
221 563
111 998
688 668
449 136
415 631
17 460
222 63
104 811
354 7
801 588
485 939
514 671
930 808
183 616
779 801
929 548
504 983
965 694
877 490
182 672
828 210
459 593
740 550
357 646
563 103
892 745
785 225
658 881
353 39
66 708
662 984
829 67
376 495
140 978
583 249
816 487
679 527
282 271
168 426
760 196
85 991
31 25
508 474
805 546
444 670
448 729
927 211
698 233
134 896
58 8
223 694
189 994
971 856
341 679
196 557
807 398
760 785
484 177
712 148
788 73
441 98
404 338
137 377
856 895
319 65
