1000 9885
570 129
627 464
518 97
557 389
150 805
700 397
266 302
453 924
521 300
688 459
468 611
103 972
610 660
540 719
118 487
839 317
87 440
74 585
203 167
846 703
337 163
635 184
653 569
411 946
179 398
809 779
916 553
886 875
43 719
673 308
506 111
308 729
799 438
857 896
472 418
493 564
745 935
209 901
840 845
535 392
442 553
60 104
80 886
304 570
583 380
224 353
633 907
575 1000
529 192
602 918
918 64
895 36
721 132
980 271
139 345
487 265
279 541
429 400
172 520
499 116
430 522
602 129
950 205
243 123
390 404
432 154
396 346
162 495
399 494
565 603
953 313
310 846
827 336
801 957
929 288
397 692
417 116
950 414
314 500
484 36
121 998
214 133
570 165
399 61
907 710
527 305
808 877
150 944
375 35
322 173
51 409
862 683
742 649
925 359
378 372
179 381
342 795
252 377
199 134
881 107
702 107
133 276
887 53
299 564
193 41
925 280
929 733
915 286
204 879
730 483
221 748
121 501
374 394
974 741
540 894
751 700
572 433
352 724
903 699
27 972
307 764
534 473
22 658
239 873
352 323
178 451
14 613
473 645
44 208
847 287
12 126
328 315
865 244
689 806
811 350
504 92
585 149
303 574
292 813
297 753
962 985
28 871
894 248
16 807
845 556
828 734
633 370
704 836
580 303
871 792
763 915
509 55
243 87
771 762
360 628
285 326
682 746
873 486
132 719
724 637
950 103
87 79
343 33
314 281
954 68
707 194
484 73
655 930
693 283
894 692
876 999
791 737
8 723
542 16
871 732
938 496
81 176
642 730
215 630
192 861
708 847
947 529
488 298
507 6
199 324
146 336
793 165
725 652
872 176
587 743
327 416
610 604
882 985
683 136
649 8
129 231
380 494
697 276
644 245
460 406
489 542
670 545
817 979
527 774
773 824
904 41
812 850
706 461
448 485
895 899
640 995
71 189
539 279
425 987
236 403
239 796
239 78
601 617
865 310
446 797
106 818
453 47
257 557
300 680
460 937
267 295
624 266
642 425
435 605
386 363
571 712
600 291
250 612
676 88
733 25
735 981
569 901
508 439
804 228
970 716
664 943
457 919
21 254
577 934
193 957
529 571
125 442
362 796
745 877
599 662
357 7
837 269
73 592
917 165
354 783
944 205
393 857
926 461
911 443
324 359
314 317
78 274
212 768
926 92
394 373
432 896
507 452
822 157
91 133
682 992
459 345
622 569
416 372
750 499
972 921
425 490
303 708
595 642
47 551
786 981
751 783
220 837
156 253
130 960
517 212
520 328
445 217
252 709
90 280
380 156
311 688
186 823
460 442
1 966
808 466
655 819
777 345
544 570
126 736
416 687
18 815
183 619
183 882
615 548
175 135
852 683
623 773
585 872
903 643
801 827
799 562
914 388
168 254
773 591
619 207
965 983
567 935
948 731
878 796
519 960
371 390
727 829
55 974
452 845
519 593
810 855
650 896
637 528
799 225
965 9
15 790
658 675
399 759
715 990
244 94
238 972
71 779
590 777
992 40
25 215
689 72
728 530
676 850
888 348
479 731
405 804
216 897
214 412
586 130
343 120
915 619
254 909
241 466
367 118
808 782
820 564
363 963
973 114
819 750
168 999
831 148
372 591
601 643
52 333
473 304
683 421
392 266
229 541
379 170
208 862
754 147
42 838
81 356
816 657
251 84
638 576
846 525
887 163
835 284
543 983
470 289
844 86
597 378
856 700
194 319
838 636
14 82
108 345
769 815
627 527
574 10
668 219
691 362
181 596
330 958
847 631
942 665
943 64
982 686
400 320
94 62
27 995
744 527
658 195
258 213
888 602
361 574
16 399
54 587
187 342
805 341
11 644
170 371
218 924
862 349
117 138
553 418
50 885
69 23
533 632
456 420
25 401
867 694
836 975
84 692
112 661
941 116
874 41
325 533
915 681
438 22
42 967
297 41
121 538
855 323
826 71
148 175
78 168
885 600
674 371
124 318
159 489
287 841
310 847
521 540
522 303
279 960
33 490
416 478
699 925
708 197
86 849
323 353
986 419
896 265
756 713
578 761
480 836
765 261
414 987
329 845
243 551
467 731
342 169
345 251
952 77
596 644
887 135
320 439
47 844
734 526
240 382
687 668
777 256
429 525
321 908
395 645
821 983
936 383
48 757
40 783
796 155
523 885
175 206
363 166
312 552
904 876
447 505
265 982
397 235
776 294
979 289
378 664
478 407
795 371
905 791
175 413
948 659
865 694
314 883
120 958
541 796
124 926
286 501
235 287
299 885
561 355
253 239
341 556
226 156
628 397
793 112
432 40
909 570
141 656
370 284
832 521
45 308
564 804
177 324
220 318
461 4
855 468
413 161
626 956
970 906
246 853
393 909
949 128
418 328
450 217
346 998
517 989
739 581
276 973
843 592
479 838
579 44
483 131
555 55
319 894
88 704
308 461
492 354
700 991
935 160
595 677
271 966
674 970
824 35
184 322
132 34
243 801
464 483
566 759
455 396
791 726
95 165
758 367
111 607
829 496
203 939
616 846
574 316
904 776
282 228
78 473
754 672
412 978
504 155
362 345
733 374
880 790
405 331
478 627
905 819
288 795
515 76
131 695
851 100
712 702
414 298
605 45
418 825
480 482
361 417
236 999
366 750
665 153
444 756
193 956
103 401
902 107
718 150
721 722
532 163
873 32
457 752
620 772
594 499
831 482
924 640
485 162
664 283
876 949
733 988
648 706
591 418
617 35
160 940
547 776
397 913
859 106
759 717
834 804
228 107
91 821
77 890
281 845
564 380
730 100
747 974
537 279
365 63
845 373
994 529
460 213
137 142
657 583
521 16
151 949
613 890
887 79
672 132
321 42
913 366
695 836
403 700
497 297
613 715
869 593
998 959
359 647
895 977
937 241
978 799
302 559
623 382
965 547
596 257
361 944
255 84
554 797
349 143
335 460
672 320
515 906
637 973
522 897
715 755
827 797
373 347
230 508
784 40
123 780
595 210
443 133
689 877
836 980
233 313
72 889
325 361
647 540
611 640
229 269
598 910
656 385
881 854
917 486
423 349
799 6
965 298
966 637
370 401
77 218
410 615
451 61
436 655
533 39
639 339
707 780
823 674
536 484
20 61
430 7
66 271
983 56
953 253
185 107
60 849
276 790
765 842
234 760
933 596
418 483
4 888
812 727
959 128
358 777
398 400
555 127
960 973
907 954
125 739
87 857
467 540
599 479
217 69
207 425
990 840
397 458
326 432
863 107
868 435
765 789
36 749
892 563
978 914
784 460
312 514
126 620
644 883
416 726
353 208
392 171
836 667
529 53
982 905
850 491
886 469
301 417
304 395
395 804
503 799
168 362
817 369
779 698
432 303
788 580
236 521
3 440
461 684
776 760
338 57
429 398
750 786
822 367
681 573
850 156
188 603
279 652
145 422
512 573
710 688
586 866
112 741
940 941
708 401
363 922
837 307
901 534
334 215
267 810
492 699
737 464
628 968
688 226
998 473
485 250
641 234
94 786
39 151
746 506
670 15
690 889
949 220
660 33
897 433
772 571
850 627
651 878
459 418
330 543
57 189
555 202
705 761
359 920
622 102
863 280
419 947
60 603
445 175
548 988
697 510
937 303
757 694
423 632
160 400
696 194
473 207
511 771
388 352
905 346
88 946
469 379
71 219
478 235
272 89
101 916
706 278
579 540
88 33
344 203
92 633
164 95
118 909
209 999
821 140
838 394
487 248
127 956
150 30
639 202
822 958
89 554
219 663
515 962
365 877
775 387
116 277
23 235
444 284
905 790
514 278
328 317
34 888
956 167
279 434
211 488
193 693
583 384
676 38
478 694
784 143
987 392
861 495
756 251
477 486
723 498
301 824
675 119
358 182
290 203
257 434
306 519
261 602
446 750
907 88
546 504
627 255
37 991
25 416
879 477
223 537
884 325
320 808
889 681
284 691
964 317
790 3
788 3
402 706
439 765
126 635
46 833
512 69
398 302
759 665
464 422
180 98
274 155
372 966
801 234
341 145
165 323
517 254
631 240
588 5
653 639
998 912
763 134
965 590
326 504
53 592
705 1
28 274
938 665
197 502
331 4
17 144
456 688
257 929
287 261
520 968
405 330
499 355
709 508
766 743
801 993
202 382
629 53
297 578
580 623
766 374
898 204
666 80
260 136
79 298
156 902
229 377
836 151
84 604
267 148
140 670
958 623
755 993
332 630
206 939
334 156
634 942
784 393
409 774
775 69
815 1000
279 922
690 991
394 224
656 723
841 601
916 109
849 198
668 670
794 577
209 167
670 52
671 261
976 207
849 87
632 417
225 861
281 675
543 735
232 111
251 989
68 765
964 29
933 703
660 985
627 358
501 669
801 5
656 768
142 783
843 654
939 243
636 95
48 976
696 924
878 388
644 324
855 757
601 865
827 271
515 561
878 375
865 660
313 573
99 76
291 702
378 942
973 754
924 410
861 625
184 445
408 881
580 911
200 236
359 356
141 49
325 788
51 825
593 816
761 310
139 165
469 533
879 770
844 583
396 944
998 265
44 595
830 566
192 230
447 918
840 562
454 346
311 231
371 392
740 775
193 716
606 872
493 761
336 928
245 272
358 17
698 914
770 487
223 925
866 604
585 60
417 402
988 47
704 414
614 177
262 218
656 273
713 320
522 422
535 391
160 747
710 631
750 704
785 844
467 972
720 499
628 228
452 495
868 651
245 852
285 445
758 116
642 638
826 131
208 182
560 475
464 64
275 488
5 191
225 889
421 873
266 301
530 526
604 931
310 562
299 303
262 689
564 337
820 251
270 220
952 435
535 848
510 981
574 814
347 680
956 634
973 436
28 5
998 969
608 638
415 967
581 395
386 715
494 536
558 653
208 641
62 380
502 103
126 691
795 901
75 243
147 734
848 945
596 439
967 440
255 506
459 737
62 465
579 688
116 281
838 431
567 743
127 188
738 115
743 486
84 97
265 777
710 245
144 214
130 409
649 659
780 451
908 136
692 535
582 10
723 214
426 883
728 803
144 500
770 88
129 320
24 682
171 973
746 843
327 275
422 862
22 356
817 44
637 675
861 102
233 165
305 272
796 89
846 401
957 453
556 222
884 243
759 993
438 791
899 259
799 143
937 961
921 255
707 235
655 587
548 537
931 403
471 442
989 697
719 592
405 536
447 591
986 80
975 792
764 93
34 724
364 819
19 120
39 364
460 286
714 713
548 989
535 954
114 665
702 110
263 914
468 864
506 31
31 611
459 943
903 918
652 662
445 112
47 172
268 655
622 816
827 664
419 141
630 335
943 102
47 29
991 298
891 654
607 218
476 328
115 696
985 459
943 836
467 119
605 293
754 781
629 431
595 371
758 205
524 781
836 527
606 913
917 714
370 681
41 991
443 95
465 763
652 169
607 750
528 487
466 231
840 296
968 381
417 489
846 322
931 133
283 852
675 118
159 169
343 476
369 130
979 716
599 655
91 412
898 442
718 43
479 541
750 760
521 574
404 75
977 44
284 652
86 768
730 478
669 287
429 626
172 616
618 712
399 501
899 779
173 934
115 56
833 312
156 11
34 619
933 845
448 329
752 263
91 663
113 371
481 759
812 845
1000 565
179 120
886 194
554 148
152 42
867 167
870 762
86 481
728 223
602 696
452 551
548 436
456 546
931 260
455 330
939 739
245 104
545 552
840 648
433 342
16 442
677 59
574 397
579 307
11 625
809 284
102 269
802 719
172 574
274 800
522 756
685 258
185 205
896 989
12 236
620 857
72 863
658 698
399 525
326 615
771 399
918 891
44 172
10 364
146 860
884 132
707 901
673 533
285 295
474 480
347 18
833 815
599 768
30 5
983 161
125 153
56 896
129 884
673 795
271 906
997 214
547 667
518 8
612 499
377 934
323 456
381 706
95 852
937 670
80 179
981 787
199 186
661 609
369 139
422 159
649 41
227 53
728 494
726 73
969 964
722 456
751 750
481 674
43 743
579 953
673 300
667 266
762 900
86 458
255 449
576 960
297 225
924 266
728 187
212 20
965 690
217 442
681 11
24 770
331 398
481 509
430 54
782 779
74 100
973 932
827 789
102 350
639 141
804 470
552 135
537 757
991 512
638 463
982 845
490 7
932 114
954 406
168 287
82 189
528 47
895 455
721 530
413 980
16 866
932 336
755 847
43 443
983 871
435 969
789 26
607 871
11 182
856 324
305 469
489 368
290 99
203 654
868 692
685 810
579 315
214 258
489 257
56 924
953 146
314 476
613 216
462 716
733 687
351 316
523 305
299 327
90 54
111 348
904 424
721 372
375 91
694 725
809 621
310 674
265 483
568 132
930 503
53 324
346 766
420 601
347 683
496 175
846 643
407 333
49 817
998 974
459 898
635 45
108 754
71 241
630 352
688 779
679 377
465 290
717 656
477 939
559 157
437 568
657 109
329 204
961 791
196 612
631 158
988 456
329 93
130 406
576 202
639 161
785 338
805 799
170 774
322 973
860 787
957 962
774 625
779 269
818 365
196 425
253 200
901 882
633 346
197 941
335 998
319 429
642 129
529 631
950 193
128 776
812 226
996 519
372 281
836 232
31 398
254 861
368 796
241 610
383 955
612 631
115 57
334 213
997 955
449 637
431 965
347 90
844 482
615 461
30 93
996 923
989 696
186 711
828 890
298 797
542 56
565 889
233 736
217 747
808 962
660 35
328 524
42 262
886 655
111 934
264 788
247 451
86 967
740 64
696 998
553 547
683 160
242 336
617 420
783 69
809 730
14 45
731 557
346 581
790 658
151 876
445 399
122 236
400 272
679 410
97 954
282 796
725 40
545 914
38 711
277 551
683 620
440 338
83 360
676 499
736 590
644 849
645 568
23 116
814 353
728 994
568 587
239 730
390 552
567 1000
783 502
93 97
284 579
10 535
173 201
430 840
179 584
182 313
275 905
809 449
495 802
245 727
383 618
214 654
253 236
514 54
573 537
685 63
17 397
479 901
936 619
24 421
116 203
483 712
241 346
29 684
177 377
915 567
823 966
115 21
225 597
778 197
617 955
85 392
711 865
660 225
12 644
775 240
669 365
380 38
955 532
987 94
212 863
12 883
289 210
237 252
842 942
392 197
526 552
513 675
769 729
754 57
190 29
797 235
922 953
697 431
610 600
350 839
635 247
375 432
69 741
820 35
192 720
890 299
49 889
359 668
730 336
435 116
365 267
131 367
262 666
530 27
416 647
681 157
437 831
649 895
252 373
505 105
303 922
767 321
558 932
763 486
317 519
899 112
4 404
245 24
321 568
201 19
966 72
288 687
473 741
595 270
199 158
822 523
913 768
274 801
239 41
50 824
183 116
222 522
941 40
871 171
840 325
548 158
515 367
510 257
774 456
22 301
813 110
818 388
470 627
864 202
647 235
560 211
483 740
979 747
250 949
737 429
391 702
855 501
693 458
935 825
208 204
560 49
67 3
855 106
413 51
824 390
789 840
594 272
833 584
617 177
964 418
402 951
539 794
47 547
656 770
539 651
133 182
496 965
798 696
178 609
967 67
380 415
327 41
19 179
849 50
313 466
904 235
657 981
624 640
491 379
769 967
934 59
96 957
298 297
264 153
981 116
657 870
70 829
785 697
644 295
574 253
387 213
960 305
743 542
717 983
621 190
934 229
207 457
412 727
588 664
758 104
28 487
497 697
198 499
53 852
41 884
294 614
83 401
447 912
164 118
600 148
828 444
405 477
7 377
192 390
907 806
939 415
344 705
897 893
352 220
461 790
181 439
970 748
898 321
132 877
99 786
867 892
875 956
927 222
896 290
457 512
663 560
171 286
438 502
621 794
125 203
141 806
860 130
258 962
423 444
559 880
484 190
642 844
267 912
171 60
246 912
997 120
120 271
739 561
117 877
429 918
924 901
651 839
708 892
988 939
531 797
894 579
146 261
501 639
787 500
778 721
707 333
762 52
548 955
477 535
773 414
778 672
756 474
658 76
735 136
924 73
577 65
251 295
877 167
164 470
537 805
739 90
957 15
316 249
743 514
748 148
307 486
923 48
248 398
874 718
641 871
634 600
701 123
957 465
967 762
763 430
191 905
932 177
903 624
740 854
692 529
734 140
476 132
314 859
6 637
699 844
62 577
924 373
845 690
611 592
776 763
836 390
12 181
819 575
151 67
992 89
702 916
442 118
405 98
813 37
546 608
271 521
93 687
986 733
153 362
793 490
658 888
690 643
788 276
737 356
937 873
793 186
711 372
410 746
86 651
569 675
141 842
474 473
203 685
576 849
259 159
341 567
722 274
941 564
165 867
638 646
750 316
534 973
169 527
117 833
869 466
656 827
443 897
894 639
436 51
518 465
722 564
775 450
854 473
640 40
160 181
656 842
52 67
511 558
77 656
509 485
78 667
350 266
691 684
381 890
312 863
117 532
562 899
9 769
568 16
17 510
19 344
195 891
620 156
725 55
247 951
531 354
773 737
409 406
66 615
700 490
594 677
60 9
598 521
343 922
92 666
386 17
73 74
942 10
447 936
213 726
434 805
310 368
40 372
974 923
649 830
689 857
157 707
984 683
205 759
757 442
426 740
339 273
712 789
822 334
509 65
992 101
42 788
595 192
244 402
547 165
675 120
253 92
707 401
537 127
993 909
974 952
615 274
871 868
15 616
533 235
661 38
820 208
149 242
775 98
465 747
160 533
142 613
384 941
878 458
944 181
460 202
185 753
846 828
907 648
492 440
589 102
422 92
874 162
177 772
967 937
881 296
630 749
820 154
26 791
647 731
445 863
651 540
156 150
29 128
380 372
199 175
753 71
422 192
80 503
377 347
221 189
282 197
856 487
50 354
970 339
202 15
536 697
991 507
887 314
639 437
308 525
776 375
541 553
103 177
250 284
287 369
330 212
960 99
743 296
122 338
31 892
452 711
897 630
808 55
390 533
132 46
671 684
588 93
710 66
280 943
552 60
76 695
634 344
862 530
361 276
824 988
89 805
59 77
791 372
940 850
278 809
11 942
486 140
569 904
219 771
374 497
42 776
115 210
581 977
193 944
695 73
650 346
776 913
361 199
471 30
256 85
523 41
618 505
488 222
87 110
162 131
545 571
627 77
152 405
426 284
603 500
950 347
953 229
517 940
384 824
459 348
834 800
562 566
907 692
41 480
397 542
347 419
720 199
960 886
759 382
471 109
228 486
856 903
484 840
270 199
401 372
754 90
991 542
646 354
99 403
997 438
469 109
493 919
259 739
71 184
834 117
672 152
812 111
285 270
143 285
893 89
888 253
597 210
691 277
734 341
881 135
253 506
773 775
209 770
213 842
986 586
19 513
994 81
389 671
561 204
529 444
89 325
472 379
734 119
866 23
888 989
359 502
396 124
344 277
438 963
437 222
903 527
226 297
409 255
871 411
799 462
840 565
491 855
59 139
407 717
780 425
76 974
809 399
956 362
978 494
763 848
159 77
514 76
920 395
519 733
542 518
177 422
491 514
681 598
557 59
428 241
563 598
638 62
430 611
440 735
11 168
965 423
486 832
627 184
798 217
926 18
876 917
67 849
811 862
467 996
391 562
925 869
293 608
510 766
425 440
834 757
925 123
897 474
206 582
404 293
838 855
859 360
808 774
441 695
725 335
676 346
894 802
9 996
176 396
153 753
238 208
744 854
726 986
824 360
476 577
386 889
652 636
784 588
947 8
827 750
5 530
286 849
658 828
736 676
809 184
538 486
128 618
245 46
136 686
784 874
605 478
400 99
519 914
866 938
225 18
2 79
27 772
46 32
735 739
987 642
787 766
780 389
704 160
897 652
391 172
766 290
917 292
488 602
50 961
969 237
438 120
943 737
492 913
823 79
741 706
391 995
150 526
484 204
233 964
909 755
146 565
523 113
621 910
983 107
87 22
816 587
807 313
629 735
613 250
6 472
802 411
933 739
509 593
972 847
209 381
854 367
602 252
263 342
106 86
259 541
796 300
213 462
177 872
894 975
329 705
455 129
845 313
259 682
337 456
887 130
708 631
40 599
507 862
489 831
517 23
556 579
666 95
948 181
655 20
411 5
469 263
363 268
36 702
386 861
922 699
190 675
164 529
122 93
32 845
30 840
325 856
198 222
936 499
934 802
437 842
340 594
724 370
706 645
818 971
13 43
865 300
520 833
691 765
391 498
984 398
783 680
183 844
759 64
314 653
631 626
210 233
822 557
913 775
435 583
992 792
81 543
961 531
230 440
470 651
577 547
248 103
945 7
799 164
784 131
362 915
936 990
846 321
459 897
847 168
997 763
194 760
103 360
825 426
600 538
293 885
315 745
64 983
466 919
108 820
767 551
400 91
940 179
500 586
708 151
985 558
825 917
396 520
545 278
484 966
802 447
806 415
649 336
636 448
604 614
475 570
886 536
961 375
561 669
928 376
248 64
749 240
266 151
949 478
511 717
973 488
92 283
122 812
748 936
568 190
91 635
844 411
402 130
739 183
278 827
299 534
29 417
783 200
326 365
734 382
94 217
602 706
575 362
78 918
565 384
549 779
255 302
437 829
296 191
207 395
135 670
544 133
175 233
468 101
932 569
1 670
455 681
296 78
9 419
944 970
799 580
972 464
112 278
960 100
156 633
395 787
468 315
895 124
163 271
348 785
847 505
762 12
586 117
276 226
221 142
903 456
942 150
983 638
803 204
680 129
292 847
439 232
225 292
778 172
561 386
923 551
690 358
913 6
372 300
234 205
879 287
639 860
864 204
2 727
385 197
261 442
603 297
476 489
935 686
828 990
589 428
786 666
915 962
772 985
251 864
52 375
685 741
526 667
708 794
837 954
640 490
53 75
733 761
203 850
590 354
190 172
670 218
676 291
420 721
203 803
646 355
392 114
611 271
441 523
981 897
673 432
563 908
946 491
1000 850
52 858
754 396
921 799
313 690
100 622
835 725
18 809
607 121
442 685
721 191
523 944
558 876
680 801
535 381
338 413
781 29
879 782
291 785
258 122
386 39
477 134
157 872
237 186
809 381
351 738
942 67
690 40
12 60
468 462
63 423
736 342
617 565
138 970
840 276
440 898
903 189
979 939
230 211
50 941
742 525
254 213
153 396
840 242
971 856
36 511
112 845
24 415
153 317
444 772
928 885
413 243
141 804
54 207
93 619
696 421
707 243
928 740
656 563
342 330
894 359
132 540
59 532
171 62
462 723
394 275
142 717
143 188
203 993
475 836
242 73
975 915
890 685
228 52
323 280
494 339
7 626
893 407
567 882
556 713
260 414
227 197
931 873
284 4
929 857
235 574
588 250
668 352
611 299
624 283
227 16
282 613
633 592
463 983
624 829
327 132
809 925
415 769
195 814
373 462
377 108
709 13
839 894
677 111
292 451
683 658
305 255
631 760
192 87
447 801
49 754
175 278
733 264
620 592
780 511
678 930
261 561
328 262
845 735
991 609
225 130
540 479
905 846
603 853
231 940
527 707
879 512
184 921
512 899
710 794
15 880
903 161
525 367
806 948
111 840
385 156
210 139
395 487
254 832
225 590
228 891
923 781
430 751
604 206
253 408
181 171
591 496
401 905
959 380
816 966
500 631
46 959
621 909
345 434
287 563
716 615
953 179
458 883
833 65
684 197
731 98
473 278
698 345
919 819
647 352
204 447
268 839
214 15
885 637
950 691
856 576
730 89
358 814
877 982
534 813
5 433
479 575
88 665
217 59
968 733
706 113
341 474
839 431
352 909
353 420
394 986
198 332
368 103
630 323
465 819
653 824
726 854
324 296
148 832
95 298
173 403
230 716
247 550
585 979
218 733
472 308
861 806
296 994
259 246
887 630
677 987
857 647
365 872
352 457
98 293
436 847
709 259
97 123
82 241
528 475
979 524
178 228
745 448
852 364
102 71
270 915
263 106
836 184
505 1000
518 222
89 680
879 762
777 686
983 205
90 937
72 404
751 316
493 476
510 458
901 629
315 744
834 568
337 112
275 405
216 895
470 820
205 57
371 817
119 471
963 85
394 344
531 633
254 606
955 553
315 950
155 925
337 786
86 887
507 430
694 886
834 845
359 810
855 161
557 599
64 941
70 554
994 809
859 339
810 117
919 565
373 747
155 296
782 247
125 678
471 926
810 4
907 854
61 15
122 15
909 289
51 9
493 612
496 456
313 774
725 201
305 694
912 474
217 418
992 616
115 747
331 486
334 523
465 936
762 78
247 522
640 792
236 281
239 650
330 210
670 996
984 363
14 584
519 981
978 377
425 527
357 588
649 383
512 813
305 993
344 633
554 724
719 178
983 633
430 875
803 207
658 560
998 94
871 164
374 964
20 850
849 398
751 383
577 959
727 485
76 537
224 876
524 369
698 624
522 957
882 417
367 91
519 46
318 693
896 103
592 726
424 872
810 848
872 358
929 225
234 639
76 334
518 125
229 824
34 822
952 301
392 228
712 429
626 15
809 629
482 375
191 333
959 778
859 447
511 736
666 825
320 501
230 840
928 244
69 710
759 439
388 406
556 471
916 908
52 513
919 172
245 167
800 284
912 454
296 43
432 101
226 295
407 862
836 572
321 537
88 316
680 64
239 543
352 497
558 161
442 25
301 456
139 309
68 469
434 747
914 837
456 399
679 995
391 219
374 945
190 865
236 946
607 77
574 290
405 75
302 415
873 339
140 808
713 250
418 966
862 533
258 703
79 277
7 24
192 779
512 710
505 928
713 331
537 53
901 572
538 870
400 483
177 646
7 254
841 751
219 15
718 103
115 462
557 219
461 198
155 807
941 700
267 917
238 392
834 659
561 873
247 330
581 614
56 783
110 70
792 131
99 723
890 682
356 194
284 359
656 978
860 594
823 606
682 862
367 962
637 464
712 457
61 740
78 642
467 693
913 435
933 944
169 835
646 479
80 290
597 259
193 69
363 405
312 821
847 975
867 5
498 608
286 98
306 756
378 58
890 911
253 617
209 855
492 70
557 978
196 834
838 273
993 170
485 156
933 99
718 971
899 175
4 329
908 935
784 733
801 721
311 288
884 614
352 703
66 689
931 751
277 481
596 1
465 513
463 10
233 509
516 924
72 957
219 574
59 169
386 187
831 799
463 443
475 473
990 424
118 615
802 610
513 509
219 988
559 798
959 574
96 1
263 1
266 807
729 819
805 718
524 714
82 447
565 562
638 88
111 952
457 545
480 654
949 772
767 525
458 993
629 556
25 982
409 567
910 913
142 575
968 770
343 138
48 730
733 542
518 170
665 742
261 147
921 487
525 818
376 655
12 843
252 64
806 625
630 789
744 248
656 830
678 703
915 219
97 186
977 886
852 646
464 335
618 608
871 681
353 16
436 173
997 320
711 338
548 986
661 677
433 754
985 61
201 622
420 968
238 595
938 909
868 462
815 193
250 37
658 124
491 469
240 83
245 238
389 580
22 878
832 166
226 141
869 885
446 926
364 259
883 789
476 325
852 24
266 647
321 592
698 642
679 837
206 405
586 95
680 24
968 999
476 107
296 769
847 416
262 490
968 275
162 694
535 251
171 221
978 436
616 985
140 865
514 50
681 515
666 233
211 716
698 198
112 775
150 441
694 186
769 17
116 429
916 224
918 946
318 670
559 836
983 152
110 284
628 217
132 582
168 791
405 982
566 19
972 798
756 645
99 666
81 507
523 236
489 622
753 393
807 172
543 630
503 85
360 221
252 475
695 603
937 595
864 733
906 478
48 554
109 79
147 974
557 743
743 784
65 169
265 319
63 375
352 827
39 757
902 573
852 632
389 902
545 848
203 500
791 751
294 781
667 293
887 390
619 556
490 861
583 905
584 825
986 629
353 304
842 412
377 442
716 35
199 785
537 962
629 364
979 341
772 942
230 745
378 852
531 496
36 946
428 80
340 264
541 386
306 168
626 228
439 452
41 941
458 955
482 617
563 816
175 446
107 412
991 54
440 889
383 315
37 522
175 864
615 77
585 462
969 171
920 289
462 424
21 119
778 13
870 500
159 281
862 856
96 279
210 483
584 44
177 746
986 320
470 849
822 250
181 226
333 894
464 90
383 1000
124 492
217 694
816 798
98 146
674 148
471 821
682 891
857 124
190 82
318 103
946 820
708 939
512 214
921 756
204 122
173 901
51 473
825 258
526 921
527 785
806 234
21 894
425 29
49 921
691 278
387 23
32 801
297 91
136 343
209 775
516 984
883 943
493 583
832 383
444 13
619 921
891 732
984 42
913 18
911 571
491 42
787 521
183 586
26 349
887 648
339 910
801 677
45 416
896 762
144 127
73 175
93 52
24 549
5 878
10 600
619 84
603 843
13 339
608 675
736 360
185 726
367 299
667 619
944 308
157 569
10 264
966 741
570 338
73 282
354 969
525 730
451 149
471 78
92 129
150 677
348 315
357 35
743 452
660 310
399 258
57 351
59 697
405 925
287 601
702 568
120 713
941 716
517 909
625 493
159 672
769 660
474 146
7 775
459 202
406 823
997 326
800 782
284 407
639 933
329 810
549 38
365 28
417 346
367 562
777 50
269 470
647 941
174 557
857 237
549 751
719 330
643 614
863 451
5 381
869 638
356 519
200 528
511 997
977 725
173 540
389 623
304 725
670 752
175 50
433 439
36 788
827 739
727 879
131 56
79 662
101 970
486 700
583 230
89 678
951 578
442 574
292 155
761 212
279 336
925 847
567 902
236 354
292 92
975 249
444 530
28 630
819 357
602 927
555 955
19 877
426 893
153 163
400 772
864 313
560 546
318 822
309 735
323 668
141 531
144 377
845 575
438 127
5 837
61 35
911 208
769 155
236 806
375 308
918 804
336 672
11 120
432 147
15 528
695 178
962 543
618 429
774 658
441 20
587 775
825 894
73 993
845 67
332 154
869 77
462 557
47 641
38 972
151 679
82 512
947 572
507 117
602 35
242 250
960 945
800 810
52 79
955 858
708 626
983 551
237 454
576 752
761 427
89 247
947 843
544 253
930 647
291 751
844 449
807 719
900 51
633 626
959 528
603 550
207 432
174 811
726 852
611 342
308 565
862 116
576 781
649 983
639 354
89 642
71 235
537 918
455 511
634 110
887 624
47 377
953 966
92 662
239 737
221 54
439 483
724 83
600 161
931 795
515 88
20 602
205 610
297 623
600 336
598 751
430 845
129 422
917 325
852 366
643 595
140 866
90 661
568 797
597 666
702 948
511 278
277 87
585 510
36 418
667 704
979 722
671 8
565 533
585 335
90 951
479 539
183 267
645 236
238 470
100 467
104 918
256 930
233 822
474 40
404 275
851 746
102 528
806 402
717 45
129 524
243 410
618 562
159 888
497 475
820 394
321 213
948 118
421 210
973 485
725 260
47 872
543 919
19 267
204 821
208 688
584 855
645 212
764 916
4 139
887 385
247 395
17 111
127 284
991 487
294 669
990 119
486 757
627 859
662 744
735 994
302 235
782 817
587 171
719 414
545 659
163 304
109 692
58 710
996 896
903 436
463 461
102 263
818 204
250 506
605 180
984 61
291 84
741 980
101 629
102 150
158 644
642 81
567 269
577 524
101 454
963 503
254 188
71 798
367 391
611 765
262 241
34 368
625 905
718 158
591 148
918 729
626 996
711 947
732 462
328 796
383 894
167 829
557 245
544 828
48 395
466 630
530 771
930 41
661 183
920 111
66 291
410 849
769 286
368 529
775 352
834 828
300 766
945 637
407 769
513 785
808 927
332 49
975 809
74 968
898 988
865 360
485 622
89 141
114 6
492 190
735 258
60 538
705 811
84 927
855 933
71 122
532 504
187 921
725 393
431 18
293 29
829 443
577 130
151 147
905 411
193 153
430 350
303 980
341 257
593 920
379 150
725 235
819 106
16 269
164 157
827 567
455 654
3 25
879 891
724 437
154 6
961 958
288 704
239 537
184 785
448 902
846 488
710 930
892 51
658 521
92 461
241 989
922 178
465 709
887 862
562 27
879 606
257 209
552 314
407 397
426 587
978 12
671 51
103 429
159 367
510 433
862 938
854 522
46 567
362 648
660 311
113 518
220 766
202 849
522 304
523 73
673 932
266 498
394 143
142 545
586 699
57 463
510 659
929 131
198 776
513 972
454 678
436 949
555 329
816 402
336 1
801 73
74 925
848 108
853 412
761 957
669 114
897 796
432 643
87 477
933 557
388 86
726 252
86 443
657 539
288 66
911 90
240 331
994 654
43 680
908 748
503 290
940 854
881 214
94 261
501 73
649 216
653 640
665 211
877 162
550 8
815 156
728 238
947 12
787 951
183 582
644 980
204 547
633 695
689 709
597 980
264 408
448 85
781 173
96 29
342 689
201 803
662 656
757 798
294 564
317 909
249 47
361 549
328 442
382 845
893 781
663 62
611 889
316 331
580 648
178 420
676 187
110 859
723 764
386 185
117 145
743 253
158 589
788 588
609 249
917 288
106 21
294 974
375 723
301 204
103 320
567 209
182 113
845 911
13 455
512 676
822 385
327 989
534 373
422 563
958 577
443 500
483 547
346 233
788 384
147 504
793 302
703 791
814 596
301 639
452 509
307 113
848 298
612 339
65 560
67 222
910 835
419 861
856 980
912 934
950 694
973 367
227 149
753 205
56 11
203 236
609 865
539 630
441 727
599 266
195 576
678 927
632 813
657 912
143 337
626 311
810 190
259 332
703 393
797 723
710 415
421 480
500 431
942 706
464 909
842 703
749 332
456 200
351 889
465 833
537 917
849 987
334 605
945 456
249 971
359 58
272 126
314 649
940 581
45 622
293 186
533 562
550 752
520 931
23 848
597 699
12 199
175 533
738 483
770 422
417 101
139 524
7 461
194 756
374 901
34 365
237 690
220 384
537 66
813 149
393 730
94 980
93 575
87 65
751 174
988 837
737 500
612 736
479 939
81 104
389 447
797 338
376 604
512 430
258 822
261 245
82 594
618 672
584 272
142 648
938 299
42 484
668 592
461 494
782 472
40 733
916 294
848 52
842 11
578 325
824 189
329 737
146 473
43 867
689 913
731 113
851 766
52 979
971 143
94 306
332 323
649 135
99 88
83 959
959 934
226 606
691 316
307 7
606 425
683 928
459 274
554 159
335 322
246 187
283 431
736 468
537 960
596 357
210 744
222 835
739 375
558 793
526 315
840 542
602 933
303 493
270 224
165 737
793 648
387 699
83 104
304 331
158 634
785 316
404 977
918 16
6 574
978 263
634 357
852 284
571 495
966 364
805 930
202 713
280 787
466 194
304 169
965 172
36 368
150 488
577 956
427 821
284 401
301 788
362 770
881 818
589 449
239 184
762 520
690 580
358 734
876 799
917 171
427 979
580 43
181 791
57 434
439 680
261 344
47 715
18 447
474 13
972 828
774 14
389 36
750 505
933 679
23 942
498 774
775 496
209 441
564 325
105 632
416 253
440 243
925 436
303 256
86 112
143 491
222 336
820 13
678 935
687 418
882 834
187 920
904 96
83 603
299 630
86 338
365 171
977 751
190 748
908 559
765 776
165 978
437 797
156 109
725 234
670 805
69 374
362 384
472 320
606 167
766 498
871 257
862 476
130 397
115 249
832 31
487 393
415 444
971 176
774 765
794 215
481 208
192 365
598 677
987 554
804 44
754 991
993 125
262 432
62 998
447 636
106 62
289 630
750 249
76 858
96 120
629 130
944 310
871 197
84 521
927 55
163 154
903 206
750 601
328 938
349 620
703 621
443 491
128 65
172 890
376 549
125 182
287 603
291 265
349 782
647 491
391 553
711 692
610 410
313 165
406 858
601 570
583 638
323 284
276 910
246 692
319 808
412 222
87 476
915 49
440 143
540 706
338 934
941 893
981 816
244 546
621 489
461 100
661 37
721 403
463 546
869 747
838 618
17 276
290 768
554 53
725 428
213 248
570 699
592 287
387 55
502 238
179 185
701 4
230 548
302 177
723 933
887 622
143 816
202 476
790 309
373 149
99 996
550 725
918 105
120 940
942 99
322 964
241 936
27 569
514 45
880 565
59 904
757 337
577 971
495 245
850 36
983 768
290 47
450 163
167 887
172 207
135 469
525 589
913 983
73 534
560 96
154 753
764 768
158 153
986 262
360 2
242 22
371 710
660 42
332 235
133 982
744 251
29 5
910 694
809 545
989 851
294 171
687 576
579 203
1000 404
69 889
96 797
708 806
834 7
997 457
268 929
929 889
643 567
971 226
529 7
78 780
247 879
449 220
14 52
71 61
787 244
934 69
102 344
169 205
922 533
481 739
613 522
348 629
865 581
596 467
444 64
652 541
19 805
431 186
14 342
866 105
792 892
669 522
719 141
527 924
307 377
715 340
340 322
494 905
714 4
399 994
878 883
644 751
67 957
885 93
170 850
634 479
248 142
840 626
624 281
879 947
451 538
779 721
750 836
966 257
59 170
862 694
791 366
390 333
488 955
729 739
718 273
765 735
993 790
277 85
79 345
751 181
713 183
914 902
167 650
25 149
501 634
842 612
665 421
495 126
462 365
10 82
121 685
509 814
424 880
632 287
280 244
669 358
941 641
923 922
837 560
239 583
603 908
867 669
440 819
224 529
405 580
907 654
64 350
589 96
366 491
11 889
189 626
712 437
659 142
557 654
441 641
705 732
959 195
835 305
575 435
355 84
856 719
104 340
765 513
471 965
878 352
847 787
479 511
143 692
227 511
501 196
804 629
625 886
678 154
257 670
517 296
424 121
761 432
905 163
107 226
53 712
3 63
653 937
786 330
199 675
202 389
554 958
297 431
874 403
605 257
224 292
135 968
546 849
68 509
31 779
755 605
240 574
499 283
376 78
124 948
162 729
534 97
63 523
120 83
11 932
124 555
750 979
850 93
278 658
559 519
203 479
106 509
181 461
868 521
685 941
634 951
478 87
820 692
535 146
971 768
980 782
791 749
533 122
769 632
294 390
295 91
280 208
815 864
707 171
835 126
11 352
432 955
986 510
712 989
764 191
854 985
223 282
170 146
946 819
69 928
431 244
332 386
388 124
134 392
82 857
764 413
658 270
414 680
626 600
156 103
629 829
425 2
706 437
75 380
691 283
344 110
307 98
778 958
499 778
868 385
852 782
669 720
467 360
430 348
912 427
330 16
244 638
65 325
174 865
175 136
378 772
52 581
737 715
443 832
409 336
374 376
892 765
396 122
53 861
102 342
268 60
16 45
144 114
559 340
887 939
999 45
656 221
32 711
861 12
990 432
810 858
6 539
558 20
12 136
361 506
202 746
903 184
617 713
157 566
747 314
660 467
989 281
884 113
461 992
82 471
241 418
713 335
841 770
147 549
441 140
225 549
361 165
989 571
202 863
332 994
997 16
899 47
727 235
587 796
125 181
517 633
20 199
803 696
740 197
426 141
467 859
854 325
603 71
704 962
356 349
665 166
761 143
313 390
190 988
801 169
768 478
146 30
40 549
636 235
468 853
291 756
649 222
354 76
725 427
340 143
382 518
881 165
385 604
401 488
549 974
329 363
917 874
610 236
62 583
585 570
468 154
52 601
477 980
5 941
229 893
232 905
897 454
801 962
582 40
117 159
512 812
771 792
684 751
496 976
802 638
819 516
841 176
911 206
720 795
791 235
101 284
871 232
401 968
241 649
444 101
231 899
770 589
154 988
784 443
824 760
417 294
726 174
655 557
452 360
349 992
724 732
705 817
76 90
343 134
290 270
685 663
545 268
708 200
398 344
792 227
929 931
280 439
9 223
271 123
865 920
313 305
189 478
355 938
651 745
963 722
307 783
475 581
497 397
136 164
445 165
906 393
446 326
319 732
303 315
269 503
15 247
184 177
404 769
170 396
189 160
763 7
372 497
736 905
844 508
160 58
830 187
597 148
815 205
377 305
565 438
276 369
527 751
10 987
763 357
302 355
449 6
527 878
197 375
568 373
1 144
951 562
553 487
368 235
761 260
889 319
541 606
528 675
106 947
931 574
92 738
827 625
884 43
321 54
900 816
697 296
766 614
433 178
933 357
936 23
480 243
923 307
338 241
654 385
639 77
805 827
991 576
480 98
10 543
706 976
563 841
949 672
987 533
606 809
97 495
656 436
750 820
287 990
292 928
791 478
72 10
236 773
607 790
223 877
24 429
729 956
15 625
197 638
769 21
608 59
846 101
684 384
410 618
931 297
55 737
774 145
104 921
638 858
881 711
134 131
584 274
108 976
354 12
207 940
336 203
493 673
146 324
593 501
482 364
119 97
18 138
455 99
847 877
761 740
298 170
173 814
668 131
610 963
994 354
756 837
449 191
3 139
818 647
297 140
101 958
191 757
123 686
71 326
510 522
727 975
856 12
303 787
639 294
123 908
31 591
37 468
700 116
353 903
170 823
889 53
887 966
488 762
966 467
954 507
330 433
847 116
483 929
410 361
598 782
486 52
859 522
344 749
348 13
556 490
791 397
874 197
328 33
71 795
257 123
150 494
667 560
581 986
1 126
225 536
98 774
29 648
994 882
788 459
293 787
989 470
662 484
612 567
349 951
101 54
232 187
582 591
604 179
396 840
86 803
57 432
366 170
369 326
665 305
668 656
872 363
473 288
163 572
595 545
764 184
368 649
96 760
260 273
838 947
341 202
75 274
807 989
976 487
913 458
659 26
535 951
166 62
424 681
155 267
174 533
393 402
929 800
514 846
877 42
939 395
193 237
835 586
880 353
679 453
117 24
758 326
282 813
30 891
735 946
255 825
409 422
28 328
767 365
269 114
518 879
776 282
80 647
322 860
526 362
965 842
144 228
279 302
211 76
50 242
892 877
895 30
535 89
834 848
892 988
369 65
771 831
519 581
119 929
162 762
126 59
552 430
322 886
461 782
82 69
300 140
376 218
880 666
590 789
594 168
287 807
784 70
418 50
75 284
955 281
243 27
216 909
168 327
676 725
368 888
833 770
132 237
266 497
90 797
608 338
276 170
349 780
730 813
124 12
826 376
613 80
225 887
565 925
68 731
110 206
608 432
856 618
440 145
539 623
868 241
804 857
215 634
492 157
186 876
578 58
27 288
429 652
673 342
210 73
131 431
668 47
482 118
996 925
499 403
114 589
614 850
208 522
373 960
744 748
839 264
910 135
930 833
477 930
4 310
577 28
732 696
24 871
829 190
151 406
676 343
734 229
992 900
679 860
70 478
124 601
921 313
667 813
818 147
177 25
487 316
236 636
554 681
174 318
250 672
269 602
348 245
145 869
384 187
78 5
353 538
172 58
753 984
712 991
219 241
873 108
360 441
68 906
396 897
826 58
720 457
367 158
439 637
815 938
300 293
91 168
656 380
274 300
6 467
192 840
323 365
5 153
456 214
432 723
752 728
649 398
809 900
463 738
247 75
13 527
656 834
986 201
10 236
609 870
459 123
117 619
38 61
574 67
904 171
504 719
817 930
877 242
521 725
645 252
196 796
639 520
643 294
664 372
182 859
349 335
113 535
900 462
630 325
815 189
625 379
130 337
682 258
56 967
268 487
287 389
658 795
877 421
606 125
573 108
424 189
652 381
671 547
35 325
572 164
420 393
763 563
605 172
25 456
743 226
289 579
362 11
144 458
383 659
728 696
569 884
426 290
617 640
580 284
586 321
34 360
366 208
382 296
590 845
495 11
595 185
941 477
500 691
674 312
318 643
158 104
966 963
328 946
55 736
39 223
538 714
10 35
484 126
945 708
394 322
577 386
842 836
863 562
938 391
756 642
564 509
128 297
699 546
848 408
868 939
81 271
190 187
46 805
143 99
995 296
70 556
974 566
791 68
557 738
906 426
67 189
749 122
147 834
960 703
958 414
728 395
801 449
967 555
374 112
106 754
782 27
674 672
329 337
628 787
40 796
408 864
135 663
728 169
252 779
571 693
255 420
848 514
762 72
800 357
455 567
495 762
795 347
60 37
457 215
442 357
680 249
274 183
791 287
405 448
517 777
214 816
106 217
987 624
789 298
581 257
956 461
633 168
301 128
785 563
730 115
64 620
146 850
28 171
24 394
8 783
6 238
617 781
293 606
138 446
341 661
37 874
771 670
941 158
871 529
12 554
146 628
4 618
321 171
638 887
565 952
384 522
542 258
807 79
42 455
627 638
711 499
307 985
414 543
734 912
475 543
725 359
485 618
649 87
668 341
227 63
688 571
28 52
715 210
575 294
579 931
448 431
467 509
655 510
660 544
95 141
613 576
753 166
286 978
285 677
783 346
862 161
403 934
237 275
786 250
912 316
2 300
918 358
624 501
499 554
338 404
249 23
891 576
583 142
668 137
387 267
830 573
448 875
321 531
37 503
849 689
91 315
211 60
287 115
861 10
864 274
775 734
654 890
546 738
504 417
305 144
803 145
279 636
599 619
926 745
33 526
250 764
237 742
37 698
194 571
600 554
638 38
219 148
918 908
298 525
399 436
474 458
935 331
572 519
702 594
519 8
522 316
831 266
819 963
902 607
324 328
586 679
994 884
96 423
224 620
427 65
379 200
750 297
181 114
805 700
893 925
761 976
977 243
155 603
873 802
755 258
77 786
150 934
834 911
835 378
375 45
912 973
195 731
753 293
40 664
722 728
427 508
946 676
514 928
825 289
165 256
810 55
449 918
721 400
247 991
171 375
381 990
903 935
736 862
53 620
662 586
700 761
297 186
100 521
781 344
865 431
633 699
481 422
959 729
321 733
307 286
697 938
239 859
790 345
634 87
980 63
469 574
254 316
491 154
115 598
10 662
338 267
413 763
527 603
980 285
874 376
286 394
123 804
329 316
737 32
59 28
763 884
513 503
721 628
558 417
753 184
768 675
72 16
955 183
723 339
107 156
802 862
859 51
991 349
246 811
997 929
746 227
729 983
894 315
676 714
534 760
955 405
133 817
671 305
507 298
750 346
55 524
17 143
99 612
320 887
158 303
952 380
56 817
704 945
742 601
484 953
470 124
146 350
864 567
705 757
282 686
393 207
532 350
91 998
369 248
632 706
282 721
854 65
224 67
181 665
22 663
846 741
924 55
431 97
236 255
532 444
455 415
421 27
278 508
316 807
579 90
653 672
71 207
79 899
628 943
114 961
320 64
672 277
486 861
13 35
896 921
804 306
376 343
636 717
509 389
164 32
148 685
426 971
540 395
357 593
193 528
267 297
52 167
197 56
70 318
533 574
334 323
500 111
763 675
978 334
311 81
386 264
903 365
429 486
569 891
127 665
438 92
421 770
468 827
486 360
435 922
884 171
743 919
315 368
172 31
75 767
487 918
881 923
439 979
722 205
280 72
483 579
29 851
786 686
567 471
44 390
898 544
612 748
668 654
685 872
962 495
777 770
379 240
968 947
697 219
332 10
960 867
65 897
388 155
484 812
506 356
368 333
479 107
264 24
269 472
194 457
218 451
591 902
575 269
9 804
985 99
235 652
19 383
451 326
709 940
320 507
969 567
558 579
889 360
482 174
246 191
306 64
126 577
278 250
49 674
487 16
715 373
888 671
335 108
657 444
253 563
596 71
500 220
980 230
123 895
415 85
163 388
55 146
511 508
447 580
235 502
793 942
280 791
617 722
466 190
837 477
257 121
467 493
637 352
488 809
231 723
480 256
418 44
723 267
248 690
512 352
585 366
181 379
349 949
869 174
931 455
272 824
972 681
59 512
812 450
566 241
815 201
293 627
870 666
595 547
445 920
950 707
219 375
517 804
699 577
792 221
612 486
351 338
476 578
25 690
798 791
885 796
181 831
807 991
995 327
929 949
270 127
588 206
423 935
597 360
49 770
105 670
839 479
273 954
716 106
421 66
65 56
160 468
886 246
860 905
222 118
518 579
559 212
155 43
549 983
696 373
58 786
991 454
443 724
678 276
554 782
795 488
282 205
671 597
601 297
552 227
36 988
553 78
239 695
562 388
410 169
784 918
788 966
862 339
165 641
499 331
802 601
984 4
681 716
612 864
615 111
161 133
656 510
200 10
295 389
650 660
418 300
59 846
328 829
845 200
2 546
996 372
941 693
319 225
93 339
423 7
19 688
821 447
30 511
380 96
399 46
682 950
367 858
691 956
618 740
802 511
146 379
238 237
940 326
919 660
686 853
601 943
640 381
694 920
474 833
815 468
856 539
391 638
604 725
242 434
541 164
625 115
237 365
535 586
395 663
540 19
264 270
429 940
567 938
730 385
344 252
199 838
883 913
773 755
502 285
840 892
269 916
404 653
122 162
286 745
179 859
532 989
559 388
173 329
799 405
33 862
71 558
184 818
426 871
575 878
451 634
729 538
128 997
289 333
476 13
173 107
799 203
414 367
130 843
58 477
846 370
495 128
576 274
63 588
692 677
176 928
728 589
638 240
766 5
803 29
852 473
805 759
314 50
595 159
617 827
229 421
413 830
312 463
24 451
820 623
215 103
932 605
972 610
771 729
685 771
580 111
711 876
637 10
711 775
677 947
270 507
306 912
665 751
781 981
926 134
656 934
416 347
204 474
423 184
320 743
603 164
803 550
329 895
864 476
459 236
167 183
562 855
997 356
485 592
511 720
783 749
483 115
963 701
985 405
415 798
752 440
477 616
756 876
924 48
972 260
740 312
578 143
744 699
748 867
855 729
161 565
74 382
455 303
518 523
957 41
373 930
464 898
640 901
456 562
204 636
943 219
313 972
649 554
376 344
856 162
144 46
615 832
339 61
490 51
58 671
116 393
745 575
893 751
948 784
58 270
844 865
271 523
906 720
712 799
315 312
715 916
572 891
295 508
419 284
617 646
318 585
618 233
736 116
58 96
647 248
387 798
906 818
391 830
750 533
436 677
552 646
183 440
632 907
205 416
65 757
730 94
821 310
422 966
825 635
890 779
467 414
67 16
323 186
713 614
916 461
974 383
104 43
12 870
826 318
935 112
857 412
106 655
825 126
420 678
214 612
702 212
939 130
423 813
562 891
891 141
389 520
751 873
899 528
41 312
60 524
497 430
977 996
411 192
873 539
850 955
346 701
75 73
520 298
75 527
728 397
428 939
724 608
971 19
60 338
443 602
66 959
106 752
400 375
883 984
204 529
23 463
706 335
264 454
31 576
365 546
684 878
538 643
961 827
504 826
765 103
145 342
143 967
500 174
581 387
819 306
57 739
641 982
325 69
533 736
914 546
503 249
524 805
448 944
896 302
748 267
767 57
73 5
607 448
97 415
688 49
609 731
410 372
824 998
197 172
552 437
624 632
846 315
72 305
116 28
870 141
48 212
231 893
34 283
897 927
404 249
832 32
141 678
724 764
898 483
7 189
176 199
584 196
566 914
589 333
419 429
24 59
65 721
184 730
372 588
254 912
772 962
132 496
920 117
640 771
780 545
450 156
87 209
608 312
459 342
707 60
526 608
871 753
338 371
18 459
272 999
937 551
811 10
69 940
160 152
424 541
706 239
933 900
860 868
41 276
99 490
338 846
673 335
980 981
108 356
554 90
667 361
636 818
998 937
360 621
290 872
919 311
584 860
307 407
576 988
922 760
210 566
100 742
191 777
857 805
640 845
46 51
739 265
636 647
343 999
698 722
260 517
432 733
876 293
936 210
525 96
233 410
695 628
692 695
917 278
480 45
758 944
944 348
248 57
130 22
743 219
328 241
71 875
510 217
702 999
370 628
643 888
779 362
653 397
33 524
270 851
158 599
436 639
388 762
723 441
707 988
102 918
613 946
400 588
496 518
78 95
760 946
667 654
766 200
34 1
271 732
609 659
466 596
416 449
204 288
721 970
781 836
941 709
750 303
845 41
761 982
872 473
88 616
930 297
768 180
825 69
938 236
246 649
427 353
212 521
428 702
13 744
656 108
240 498
38 133
220 824
276 634
133 159
872 247
670 334
956 717
549 519
952 47
570 610
717 977
118 358
530 180
87 569
182 963
776 76
960 761
545 785
70 788
865 572
772 24
9 716
193 383
113 947
635 830
715 478
701 31
929 792
563 34
785 44
252 689
758 67
923 186
317 903
487 91
127 48
537 556
614 240
813 743
262 293
102 374
399 826
201 7
917 697
365 780
439 5
237 744
120 945
70 355
455 799
225 266
23 955
137 535
620 917
732 255
738 539
336 520
119 823
818 496
448 752
471 250
314 51
957 795
262 179
855 336
488 866
234 266
825 677
54 49
738 682
975 683
318 746
788 398
385 437
206 799
501 917
284 701
655 606
52 385
944 91
811 180
404 262
767 903
506 620
87 153
132 392
777 885
669 191
901 208
32 300
176 1
264 376
787 428
517 891
699 648
152 757
227 155
797 27
782 369
511 723
976 418
479 113
778 760
542 337
393 350
772 11
282 156
808 635
189 188
598 88
934 126
389 571
563 352
748 860
917 793
293 223
481 343
279 28
248 582
840 778
765 94
280 88
645 411
403 992
174 925
553 116
457 431
330 167
205 825
649 553
660 222
945 450
508 878
257 960
992 588
205 906
316 357
83 326
890 58
220 201
22 51
760 302
758 841
121 869
586 214
789 275
62 931
763 786
513 81
272 417
846 335
367 721
667 552
829 114
618 214
925 932
903 655
202 945
113 661
600 740
195 200
158 988
819 770
513 243
76 637
457 709
612 543
370 158
831 511
263 259
781 239
436 853
534 666
169 694
811 771
522 242
542 241
779 225
564 585
432 916
16 723
517 957
216 162
224 534
320 853
247 266
29 115
690 783
806 405
458 751
494 161
77 839
635 933
808 825
293 703
699 660
976 511
845 223
472 814
329 747
756 978
243 641
338 875
341 20
307 156
11 620
904 74
579 968
964 886
895 546
491 280
329 453
237 308
81 448
978 810
190 762
339 668
377 465
251 504
165 56
592 476
409 462
852 870
575 315
141 63
900 316
994 51
153 977
631 778
304 611
891 697
966 53
3 179
994 162
979 202
211 180
304 498
527 620
770 243
255 135
714 436
865 32
188 819
814 107
767 137
577 734
599 576
361 402
415 87
77 342
634 577
690 751
802 789
72 42
662 265
686 13
426 481
836 20
569 631
863 893
591 258
632 209
464 195
474 100
848 345
612 642
958 914
670 38
45 982
125 797
453 774
445 918
445 220
381 665
129 609
43 935
320 544
531 890
950 624
419 1000
796 366
501 528
564 242
933 899
666 782
357 877
796 338
725 289
279 574
674 993
970 408
933 788
900 99
913 232
436 387
937 226
204 935
133 493
942 653
425 807
445 316
257 622
809 73
520 180
819 576
62 575
362 285
229 293
117 21
66 725
385 89
889 213
177 241
286 429
591 236
953 880
375 698
773 905
448 524
197 143
954 266
153 489
284 773
619 362
432 16
486 167
436 632
186 99
719 959
888 121
319 269
466 819
505 943
237 628
771 513
111 943
965 428
915 635
203 701
206 768
888 829
711 797
824 575
362 514
146 599
276 182
355 727
160 967
397 934
835 769
811 216
797 389
66 433
263 617
659 348
374 922
367 981
151 520
485 909
834 165
513 743
623 260
860 730
934 369
493 991
151 633
8 505
541 49
212 633
108 314
125 756
165 269
592 247
632 792
782 180
476 677
32 205
179 14
461 62
2 493
312 392
574 133
9 389
61 78
578 216
193 382
583 73
36 796
843 228
221 264
421 326
978 901
657 88
342 712
398 590
628 965
224 387
47 365
750 764
932 165
255 206
149 701
596 10
992 439
841 229
842 182
534 192
595 466
387 761
61 498
597 672
197 345
305 32
378 630
287 80
953 652
510 107
990 401
463 307
305 177
35 24
340 109
435 786
976 682
701 563
138 275
926 712
941 645
988 1
936 636
318 536
196 188
966 584
533 219
807 460
241 541
814 748
229 52
713 923
747 501
469 618
993 607
825 113
911 451
237 890
829 854
817 538
132 393
897 556
812 283
593 396
541 100
9 83
119 152
891 227
32 412
802 368
604 516
702 137
260 100
929 883
364 944
229 682
161 602
806 42
776 105
746 533
568 395
478 960
956 882
818 879
819 58
801 539
326 30
611 188
961 861
801 756
876 72
198 100
295 954
577 365
447 847
898 804
305 866
89 571
291 211
240 697
746 763
26 12
533 706
366 740
895 177
897 768
510 135
828 376
816 336
101 426
93 790
996 601
396 579
660 400
457 635
811 612
137 629
232 309
567 419
237 572
733 855
682 731
662 477
86 60
349 942
579 337
506 927
12 514
146 524
517 555
459 479
167 998
684 12
618 280
161 73
741 94
523 494
436 116
609 932
259 981
635 932
375 97
130 858
789 537
403 466
596 825
946 664
434 452
588 165
583 866
752 422
499 438
518 715
920 582
613 711
118 175
389 909
999 754
66 778
673 274
412 290
531 172
400 474
218 625
75 216
97 608
297 102
425 953
248 756
139 839
915 431
322 315
188 392
355 393
766 933
567 652
239 815
663 153
574 300
463 183
191 868
567 573
511 155
710 853
639 159
14 598
641 370
406 140
687 373
727 808
454 889
257 860
439 76
595 394
463 378
305 104
694 450
785 422
435 733
555 776
572 938
760 186
135 228
798 444
999 485
701 635
903 227
120 200
854 887
732 87
585 816
474 323
384 103
572 648
668 975
940 100
851 451
813 793
931 379
94 955
8 898
337 74
87 98
604 136
253 342
698 453
366 175
449 673
984 249
604 831
329 987
297 902
885 770
393 42
859 235
143 210
264 819
627 375
539 745
385 670
649 377
191 230
674 796
161 439
881 448
75 265
523 481
262 599
378 330
289 491
567 447
740 412
902 903
501 384
515 574
146 71
347 714
616 273
818 725
682 420
597 87
202 193
882 607
166 364
387 81
815 75
376 291
140 158
54 636
71 438
628 529
390 594
193 556
503 779
35 257
814 21
339 247
698 45
239 805
82 175
159 49
914 806
111 712
385 28
945 68
987 449
660 473
145 892
242 696
233 863
171 764
832 722
30 177
214 562
766 127
822 161
922 463
872 686
889 528
873 123
525 546
399 277
534 720
457 668
521 535
774 195
281 622
29 792
86 747
342 321
489 755
399 186
849 19
484 50
252 54
493 188
226 601
703 985
940 509
432 556
42 423
794 854
618 626
857 474
883 699
91 926
305 893
313 392
541 48
247 19
327 91
844 71
808 970
537 81
800 997
47 275
92 839
933 823
476 678
461 301
153 765
902 754
537 871
277 676
530 84
198 238
53 665
499 925
151 60
781 165
378 802
822 819
914 326
810 631
448 220
265 826
305 837
883 688
629 476
956 60
406 197
463 28
357 569
554 515
946 773
687 301
283 571
585 239
306 504
839 550
479 276
700 168
884 957
318 831
228 415
309 600
92 88
516 746
21 212
59 897
426 644
903 154
488 730
272 470
831 628
82 437
634 902
46 744
865 436
918 29
771 589
684 410
210 273
674 384
215 96
780 532
837 581
987 519
313 383
314 386
428 638
911 371
308 164
972 835
811 199
540 543
958 826
215 467
629 198
169 907
498 841
545 96
506 332
751 854
40 632
845 301
848 223
79 108
137 246
583 889
251 240
605 961
986 837
734 767
259 295
815 346
249 407
212 269
914 121
204 921
562 964
140 497
394 961
757 721
861 537
917 807
682 380
393 381
469 508
135 852
757 776
934 862
496 310
889 449
924 320
653 958
29 582
40 67
768 415
889 434
301 356
35 328
777 444
954 208
335 5
418 691
741 935
462 184
449 15
361 299
171 678
832 764
131 731
23 950
724 826
529 956
676 792
168 596
866 535
550 219
978 61
337 323
135 16
263 95
11 14
379 584
766 36
968 507
955 215
336 645
334 144
979 733
910 857
42 956
399 476
663 911
787 794
548 477
987 215
789 981
424 887
665 351
669 383
615 487
234 526
16 725
181 5
110 149
882 146
4 514
959 490
260 315
565 976
363 664
200 656
476 985
403 469
985 325
804 783
694 623
656 697
251 156
269 277
308 333
735 166
956 561
223 82
260 232
722 815
374 218
110 328
515 594
146 243
277 875
350 83
26 429
83 564
377 471
985 144
880 458
721 869
826 992
166 321
829 31
117 285
290 116
357 118
856 99
967 369
715 408
936 475
610 174
32 835
889 477
265 993
415 307
142 409
865 324
793 743
39 819
62 656
31 867
343 589
254 376
958 716
535 51
101 747
616 769
150 806
267 329
592 395
715 599
85 689
941 137
227 817
139 147
658 685
181 884
348 11
172 473
103 307
348 186
289 844
586 938
146 847
784 829
654 490
976 514
663 546
108 851
565 624
784 505
516 960
538 696
225 643
100 361
542 832
979 614
447 4
762 125
640 119
234 610
473 298
536 8
778 461
228 4
289 136
623 125
820 939
475 741
19 403
892 82
584 643
872 400
911 216
308 3
807 987
220 855
298 249
282 738
359 976
710 713
921 969
415 979
715 201
661 739
223 468
188 335
43 724
921 278
70 815
843 491
97 899
848 965
614 936
326 468
164 311
46 29
956 827
758 459
724 335
161 867
71 288
729 352
970 90
224 360
560 722
978 705
339 9
123 231
643 65
19 859
45 935
101 744
874 257
858 906
657 301
183 57
679 916
297 686
172 302
371 356
451 353
380 585
641 721
879 609
537 480
286 442
349 322
41 657
972 970
889 821
339 468
827 123
8 833
560 798
279 744
81 314
704 130
659 674
567 117
551 592
272 634
564 749
360 323
471 49
129 816
832 812
864 962
495 300
650 69
228 169
176 452
401 545
254 669
995 393
246 541
528 53
717 236
207 866
597 409
834 904
798 887
113 121
518 374
69 798
325 676
125 754
312 849
65 111
528 769
854 169
433 707
843 952
403 747
578 167
448 384
486 584
160 500
714 935
19 443
365 165
845 787
522 558
909 414
877 230
202 226
903 832
616 556
139 543
162 852
700 468
631 716
176 536
663 49
761 83
245 418
309 669
140 18
641 531
418 684
1 508
421 567
196 63
563 882
747 241
970 848
706 886
600 493
305 183
676 898
128 872
456 37
332 712
24 297
41 653
28 925
896 582
369 632
110 557
417 337
257 421
968 47
571 48
58 59
760 977
689 491
431 970
656 764
738 792
777 920
635 700
104 932
431 955
622 426
256 153
958 382
618 693
765 418
233 721
102 179
937 723
958 827
583 602
967 955
679 71
972 979
316 623
75 464
94 460
920 765
226 860
181 281
614 854
394 748
307 133
921 897
498 552
785 666
284 147
839 419
643 588
188 375
248 730
529 341
214 446
79 719
540 115
815 187
728 211
965 746
268 270
98 471
205 126
796 788
501 10
326 175
787 587
972 622
974 715
44 628
761 254
734 203
306 806
433 4
783 812
897 661
20 620
457 142
809 417
275 333
232 650
728 783
361 298
913 643
509 226
789 272
992 132
42 887
774 588
900 927
832 893
872 954
430 970
970 711
225 388
524 242
399 430
129 94
439 953
963 88
806 749
493 464
440 676
298 718
940 17
228 771
845 140
259 825
495 503
168 965
980 903
124 451
911 289
548 557
772 633
519 220
744 176
67 165
910 747
604 964
473 382
570 852
552 823
561 575
708 954
195 265
640 394
630 767
260 459
209 485
686 913
915 113
19 164
442 969
270 23
643 42
237 416
919 446
167 437
541 360
840 155
925 713
291 693
716 210
277 874
204 958
406 326
660 329
464 979
198 164
74 414
40 770
369 586
692 551
505 122
433 501
162 813
680 818
993 285
187 706
739 273
44 713
173 491
649 346
122 501
240 840
4 411
278 110
999 176
212 230
729 436
479 405
552 155
330 297
421 638
278 985
316 260
748 263
487 493
658 539
642 436
137 804
727 667
486 47
841 12
235 493
236 578
384 347
940 832
188 957
375 765
157 554
28 854
124 547
729 711
159 236
23 837
920 300
561 14
395 458
750 586
146 844
275 656
348 298
77 292
133 594
582 754
585 273
569 628
401 794
935 349
83 867
155 855
431 898
682 588
539 973
668 751
355 700
109 112
962 383
411 751
638 712
328 627
67 535
388 213
669 100
48 626
712 473
930 368
535 863
117 956
118 495
63 314
765 588
288 48
125 749
311 876
683 217
946 525
627 189
108 352
200 875
406 755
958 444
248 675
497 758
877 180
809 940
577 152
703 456
198 128
400 343
771 360
463 228
567 658
22 813
687 53
301 282
987 775
328 392
952 706
212 250
643 64
2 72
222 951
260 656
702 51
269 734
59 246
23 915
335 877
334 994
448 527
983 529
34 456
791 657
110 679
978 115
376 799
854 806
219 836
233 184
440 638
332 564
977 297
251 588
61 998
824 740
208 377
888 811
300 812
128 90
699 789
992 281
349 916
65 689
780 626
638 778
863 995
560 460
464 49
158 309
342 438
932 772
366 56
60 867
557 497
797 386
53 178
716 342
938 232
457 615
18 186
436 221
458 437
111 963
541 14
982 96
415 801
967 244
520 96
277 960
460 378
597 279
808 84
364 990
19 333
95 94
283 64
451 994
394 811
490 516
369 897
478 253
722 903
545 915
47 8
430 384
70 923
52 690
236 439
662 575
723 575
245 143
706 691
911 689
240 769
151 87
918 613
492 682
423 441
823 409
704 15
219 522
292 214
318 850
304 268
33 962
287 93
755 541
693 299
842 163
756 241
222 717
85 911
77 283
629 798
206 65
634 900
87 43
341 742
287 768
241 530
483 557
120 369
893 10
140 550
949 776
682 629
702 624
78 302
391 759
911 460
224 401
856 839
427 163
674 96
986 446
489 638
734 816
973 148
817 616
838 786
677 656
848 262
716 378
807 13
283 744
392 168
191 312
860 419
783 36
109 95
440 180
316 991
209 521
982 396
51 282
126 994
60 879
753 84
368 438
223 120
924 13
799 931
189 501
360 538
14 61
711 621
248 731
88 900
531 258
34 801
274 361
38 278
286 569
559 65
541 598
464 790
874 533
545 531
469 619
597 879
600 61
909 99
767 435
990 342
278 50
154 80
430 233
720 977
371 339
488 533
36 119
415 12
163 127
127 822
789 287
849 524
292 217
783 973
515 355
500 779
125 418
847 454
286 406
704 471
618 101
530 899
694 182
541 794
368 808
366 807
115 485
133 654
846 563
739 113
337 99
836 67
487 797
592 743
590 118
367 187
573 892
727 171
161 78
586 761
346 66
522 65
815 708
327 366
789 693
5 230
725 567
835 171
730 927
177 821
551 95
256 388
864 745
422 17
151 589
958 167
502 867
251 33
787 61
296 480
350 823
827 232
469 15
29 258
360 999
930 591
364 919
165 194
539 546
451 205
294 942
67 744
83 585
66 777
503 508
251 271
658 453
933 205
867 73
189 77
597 176
763 168
361 824
291 517
19 498
113 499
174 850
784 642
117 573
535 367
349 184
840 697
643 214
558 807
939 867
805 561
805 886
847 463
595 286
227 930
361 372
487 492
970 774
77 560
266 897
84 648
34 421
288 925
295 526
900 892
819 902
409 959
326 596
798 306
713 346
751 565
898 508
63 784
210 324
825 737
863 889
280 170
11 75
431 834
569 740
343 209
684 14
85 522
255 862
20 155
294 270
291 577
835 246
319 937
121 946
341 865
68 751
405 788
647 793
21 575
778 346
462 995
673 96
30 679
126 729
986 25
830 398
281 979
108 722
610 524
66 250
584 611
689 460
333 119
929 681
38 463
408 980
76 613
981 245
92 924
702 689
365 624
972 472
944 789
145 420
277 623
558 976
783 577
400 156
525 10
265 876
322 839
841 205
552 120
435 540
295 716
576 110
478 578
657 291
97 806
650 956
870 211
728 712
983 528
201 328
688 294
385 130
868 583
171 753
10 305
177 288
713 374
897 264
110 390
220 322
58 37
333 93
689 461
875 550
662 408
868 677
507 263
436 777
309 5
760 662
539 910
398 325
247 344
185 120
164 919
315 781
581 616
68 707
307 909
713 690
290 709
595 690
66 60
896 854
289 283
99 444
9 900
800 905
215 626
939 350
796 509
544 398
963 596
623 486
313 623
298 509
321 948
861 173
221 659
960 173
631 936
624 954
218 679
662 572
458 118
616 558
515 22
892 683
625 288
273 331
40 106
649 697
60 117
183 956
482 963
121 1
672 383
876 273
953 950
270 256
615 858
121 242
563 967
867 523
274 966
205 626
810 660
577 679
542 691
559 321
662 120
865 108
477 382
150 332
478 713
432 256
490 251
590 718
167 523
171 588
758 512
941 96
745 359
428 53
486 327
380 734
417 332
71 987
556 313
560 828
642 399
154 549
229 431
750 515
825 680
183 338
862 754
30 35
860 374
627 101
206 864
945 720
34 913
258 809
280 273
744 342
483 266
1000 224
263 568
511 399
698 363
170 192
6 346
651 659
677 361
440 981
938 205
8 266
549 614
764 111
492 362
370 554
664 341
118 468
606 759
164 516
522 773
373 650
185 941
374 253
378 240
646 606
754 375
113 325
421 4
922 539
446 373
872 789
88 901
910 248
127 364
193 350
197 382
677 164
113 423
576 793
294 764
830 898
118 912
908 888
840 670
35 508
58 583
112 673
925 807
782 720
253 552
975 161
776 425
559 422
407 661
466 435
512 863
287 163
179 554
330 386
361 99
157 723
875 930
659 913
23 986
853 935
12 329
486 144
310 98
976 650
604 386
896 331
200 72
254 799
98 891
785 873
382 463
243 219
689 277
873 48
447 493
603 331
489 319
733 964
989 634
817 425
945 764
124 477
30 167
5 331
751 32
494 59
958 355
945 589
513 769
588 451
596 982
483 183
601 632
677 691
294 205
886 619
833 413
969 845
622 17
754 185
99 500
282 572
229 633
412 399
105 683
507 779
659 118
94 991
113 144
866 334
852 909
249 432
606 404
308 767
520 447
387 232
725 106
984 172
912 441
810 296
465 777
174 851
502 300
507 710
665 402
738 872
908 796
636 633
631 893
205 984
631 694
245 503
41 920
504 996
795 291
300 899
118 670
67 920
577 491
567 991
334 422
27 586
11 833
249 718
837 53
894 190
254 89
569 746
738 410
783 611
72 192
875 266
406 400
516 685
242 656
531 604
713 345
419 450
422 762
42 907
245 988
229 487
946 189
585 279
149 294
869 215
931 460
161 807
816 956
526 763
599 899
11 410
713 516
860 429
864 936
774 5
869 393
707 34
854 311
215 779
773 179
742 536
376 685
949 402
809 615
848 11
521 187
66 72
674 907
496 181
612 195
830 30
98 646
299 722
928 2
123 502
466 684
288 161
843 913
193 123
900 104
216 131
35 713
566 679
773 264
492 80
282 818
238 647
41 73
961 872
954 745
218 883
574 460
979 380
961 793
232 919
464 405
49 336
802 654
879 908
754 835
448 914
33 804
231 953
14 929
533 639
365 947
831 894
362 75
474 513
132 975
22 367
483 853
854 804
853 863
323 828
868 25
962 669
67 291
929 460
910 650
10 129
150 247
492 835
219 29
400 536
771 738
834 261
975 578
681 701
409 549
146 592
788 103
419 732
773 501
336 110
209 240
781 938
671 490
52 346
952 360
695 496
361 278
252 417
159 663
626 210
592 974
7 611
411 890
621 333
77 667
740 45
243 719
226 806
92 835
296 328
655 474
469 371
888 913
812 775
355 372
800 199
947 24
650 519
199 831
916 805
41 165
683 626
153 995
26 275
505 48
161 780
808 193
131 948
338 368
266 661
286 720
953 949
236 343
520 804
170 869
45 887
581 325
205 366
421 564
906 596
182 291
633 275
847 55
461 856
614 358
732 235
173 100
306 583
619 662
680 589
962 846
231 643
107 625
219 859
475 245
591 163
154 546
157 385
16 975
642 783
2 622
591 336
495 111
722 225
770 652
246 803
500 727
195 99
935 359
725 831
986 269
493 267
573 687
815 802
691 880
428 634
323 340
125 960
705 604
280 385
564 401
293 645
928 854
593 638
997 365
360 894
19 141
241 45
397 312
223 640
365 132
815 358
854 200
178 937
400 499
327 200
459 848
832 406
596 631
579 611
446 686
569 655
566 879
135 462
553 348
624 935
326 19
682 267
810 452
776 332
27 978
717 661
752 123
924 308
442 487
994 152
614 593
652 374
546 977
675 998
883 656
554 592
399 868
456 358
809 422
172 354
687 461
555 486
324 52
314 110
618 208
619 297
803 62
306 762
936 605
314 209
377 539
345 765
589 379
189 820
190 503
797 693
601 466
894 351
181 144
882 319
613 189
727 165
203 969
455 276
522 79
195 381
713 760
293 552
631 446
990 587
113 949
61 717
298 1
104 304
490 809
548 925
398 747
350 821
740 485
802 427
963 670
483 336
824 335
520 465
369 877
541 357
299 518
925 710
139 474
341 399
344 413
536 539
123 899
984 173
307 384
662 522
169 423
389 682
148 875
377 53
16 429
550 302
938 516
44 603
842 152
923 376
36 55
308 828
205 936
790 168
748 258
236 558
755 550
854 741
750 879
586 244
957 697
992 163
439 248
701 517
615 67
603 539
382 482
241 766
962 694
279 704
558 112
283 773
413 846
413 667
73 761
326 741
150 599
44 46
923 853
157 329
656 680
815 900
923 962
301 554
125 166
772 969
366 176
976 804
226 372
722 312
822 722
697 142
953 244
437 395
481 779
595 555
688 327
617 167
855 229
177 966
722 602
940 421
946 806
412 206
218 141
274 235
612 125
51 295
288 51
23 967
407 314
924 192
810 984
88 800
660 698
334 805
607 565
759 28
317 41
869 588
728 368
48 802
801 484
81 897
804 525
381 878
400 315
921 751
231 800
636 952
930 553
339 591
279 66
100 749
908 946
946 253
943 573
583 240
587 245
444 242
555 501
909 88
197 454
40 31
993 431
944 629
961 905
505 373
949 243
571 438
883 584
666 494
978 332
559 345
690 472
417 580
415 49
334 387
866 570
874 156
396 290
895 358
257 44
225 336
44 236
154 860
928 935
466 154
585 464
894 42
61 253
495 229
647 168
79 282
707 965
428 226
145 768
354 842
662 341
431 818
460 403
133 708
970 84
870 285
564 664
649 224
219 397
405 528
348 296
367 866
228 36
321 334
474 300
824 291
860 545
274 188
938 215
332 74
189 463
744 26
825 191
185 344
756 993
651 599
998 866
394 756
108 304
364 842
937 919
493 874
811 269
782 190
579 557
347 813
999 561
675 839
178 789
274 256
661 884
26 481
8 172
195 788
429 932
88 90
579 637
442 686
986 553
22 861
810 624
633 819
154 508
247 707
896 805
797 553
75 594
831 959
494 768
127 252
16 4
126 355
131 853
903 499
250 583
771 716
310 277
41 608
686 112
430 946
107 739
77 391
614 246
101 257
375 678
106 425
163 162
606 602
827 411
996 562
154 547
176 55
68 109
859 874
682 737
609 327
357 987
871 963
358 658
39 154
881 583
993 593
655 935
425 680
958 940
814 602
998 605
360 65
783 109
968 896
143 224
845 454
599 930
817 621
213 364
114 419
223 327
55 977
137 104
484 817
431 266
749 251
365 242
720 15
994 738
227 17
527 44
531 41
221 979
477 585
830 215
726 900
948 134
860 986
826 870
389 548
655 313
895 900
877 377
164 484
311 631
408 782
279 21
139 686
40 470
514 300
47 620
995 835
446 905
89 652
571 528
40 72
170 951
524 682
157 911
856 170
162 999
990 341
607 596
888 763
798 817
575 255
103 36
13 679
805 800
898 66
535 155
101 579
693 783
253 776
996 752
106 122
325 284
348 211
86 24
594 215
760 19
851 188
101 293
176 68
789 530
984 987
824 816
658 527
495 29
335 580
621 831
608 54
742 324
985 908
546 231
949 154
570 225
807 204
755 167
350 649
209 319
233 689
937 563
699 572
668 421
741 169
523 362
104 162
678 714
113 948
756 938
8 296
526 942
52 49
844 53
77 674
891 78
668 331
835 458
84 696
30 616
549 728
363 445
308 330
130 630
320 360
356 638
626 332
758 369
728 260
985 155
198 152
843 213
277 743
278 256
961 130
586 305
827 569
738 84
391 432
639 308
219 681
625 494
148 731
75 909
192 239
357 747
395 770
567 247
19 834
577 764
80 948
106 188
310 290
718 607
735 519
738 297
791 273
318 873
745 515
637 533
984 665
768 582
519 747
775 893
777 657
158 769
750 991
309 667
51 335
901 935
386 404
764 527
712 946
860 26
124 285
737 434
884 263
261 314
355 595
997 992
500 520
859 963
759 554
375 829
421 237
57 46
982 325
540 557
388 834
63 64
495 706
37 773
470 66
458 522
339 660
647 664
225 977
561 607
547 540
55 877
276 622
815 571
764 401
270 700
454 993
612 205
806 229
972 245
414 832
621 26
971 55
865 552
740 760
813 900
303 986
862 175
94 933
494 883
614 828
425 808
766 971
657 117
491 27
520 38
832 253
830 600
796 856
266 767
230 644
326 235
645 621
150 69
220 733
652 319
380 961
272 179
456 336
97 66
169 483
227 963
211 454
913 702
127 890
898 10
790 4
611 553
225 230
192 489
374 897
486 207
918 321
785 388
464 801
900 851
335 798
436 824
563 571
604 469
202 609
385 135
210 746
529 520
608 15
586 602
811 819
246 884
266 484
278 446
884 624
608 365
46 161
76 275
496 658
422 739
786 335
104 988
198 890
380 121
146 737
823 569
829 956
337 842
52 203
458 558
608 606
686 866
30 646
608 456
313 402
846 612
696 77
717 969
601 848
621 109
169 220
572 150
942 577
635 49
478 288
131 152
815 162
622 664
610 224
259 124
524 560
670 882
586 329
168 153
700 465
24 882
645 681
481 45
540 639
107 55
222 772
478 402
705 510
607 881
67 965
603 823
344 914
698 609
399 861
771 247
296 789
837 122
93 922
922 152
651 490
634 273
943 514
837 11
361 450
713 53
399 544
257 15
901 878
707 531
444 731
270 232
219 861
785 497
551 627
537 225
319 191
836 107
875 519
912 808
936 641
42 720
115 442
759 637
635 691
722 518
626 786
399 228
691 882
798 690
983 490
786 610
932 804
702 342
228 645
946 796
484 931
859 297
293 643
273 837
839 376
90 393
960 575
7 331
796 429
464 718
269 491
414 748
237 873
365 130
938 49
980 401
255 566
87 725
146 137
185 590
499 801
151 888
902 720
407 210
531 262
978 977
948 421
456 571
706 110
562 355
981 283
967 280
848 873
226 268
191 990
126 269
596 53
373 380
620 211
748 280
757 614
613 285
675 271
785 435
288 885
516 549
597 574
357 825
606 676
789 140
866 529
618 222
175 889
141 697
279 815
764 603
301 947
105 50
567 440
37 969
48 930
774 242
977 390
150 568
245 886
637 436
52 510
290 439
309 457
807 382
4 633
171 472
236 48
894 575
275 55
901 407
526 572
432 746
968 524
454 619
915 7
916 308
920 687
539 291
382 547
748 523
203 159
514 894
579 546
678 949
921 864
648 232
388 419
190 787
251 259
416 828
914 87
716 207
681 243
386 668
867 77
119 558
161 1000
218 747
112 90
899 838
834 433
1 748
511 51
3 42
973 986
961 818
157 993
936 703
676 259
658 882
155 244
678 369
278 99
410 91
175 473
322 895
785 381
201 118
58 713
115 536
432 809
26 107
555 390
348 914
295 693
542 654
451 395
896 524
112 183
97 263
558 116
942 304
270 892
491 523
58 410
41 712
387 980
656 283
197 949
353 607
214 408
422 629
918 622
100 279
115 329
634 811
967 715
54 302
938 479
538 565
298 830
831 360
9 289
377 863
507 476
597 955
310 905
259 937
116 584
707 39
302 777
12 771
134 5
533 367
973 344
618 537
782 390
964 557
743 316
472 867
843 692
169 965
192 610
288 53
307 851
226 769
672 171
66 246
359 607
950 874
187 363
795 855
868 295
930 734
277 649
297 75
481 294
912 408
995 781
120 593
549 942
476 366
59 446
611 253
459 632
334 628
376 298
191 897
658 854
509 466
218 993
239 697
240 873
774 860
882 179
885 119
425 713
923 326
46 27
349 442
297 519
251 565
136 899
619 68
257 177
367 980
278 873
542 746
524 81
695 576
713 24
127 907
96 118
793 912
673 762
357 881
349 717
557 40
82 456
669 160
488 783
346 884
328 984
491 644
720 586
918 923
423 475
595 890
244 340
889 537
985 858
238 302
519 125
703 736
870 275
399 59
95 624
318 465
266 372
180 274
551 829
661 333
898 657
415 7
955 608
80 102
405 655
545 492
263 609
468 533
893 308
894 631
532 222
544 676
377 597
323 411
911 58
553 570
440 157
189 318
635 210
708 526
503 130
769 938
222 318
173 827
523 659
880 298
295 520
558 679
340 156
973 640
26 495
498 736
65 387
156 894
335 827
469 481
882 596
644 987
60 130
387 434
351 909
287 405
771 472
832 689
168 35
447 851
377 243
452 763
308 839
662 786
990 383
353 106
154 109
901 227
653 117
893 592
305 975
527 684
434 813
934 614
55 392
651 412
219 958
382 94
905 973
795 839
236 903
383 624
96 18
828 707
520 660
245 639
999 298
894 68
988 25
7 111
979 710
48 100
984 880
34 203
841 809
272 604
592 609
612 620
24 461
544 772
82 319
724 626
431 976
653 369
641 66
845 226
977 42
371 807
544 883
556 500
863 962
95 596
388 884
778 60
252 634
694 888
753 412
480 876
742 596
293 851
960 897
898 471
248 915
446 480
839 379
626 68
684 420
434 427
531 43
950 931
183 516
863 390
967 100
553 304
181 543
407 237
320 189
303 44
715 100
458 7
478 194
117 258
62 413
329 306
847 720
350 408
876 64
106 531
473 627
292 17
991 657
250 391
692 594
116 364
334 735
48 327
745 660
178 379
314 779
296 754
685 264
7 284
440 269
266 918
488 538
144 454
591 98
519 641
595 103
871 178
729 749
714 379
440 306
980 538
909 546
589 462
880 734
58 118
738 991
861 983
157 176
711 745
632 190
155 833
561 198
484 147
690 546
256 204
208 213
741 501
501 880
515 940
121 808
803 750
287 513
915 808
826 341
223 391
168 919
225 858
318 489
929 68
402 956
242 191
542 408
375 121
66 647
244 820
90 507
199 303
492 315
621 545
185 293
521 131
939 252
703 111
27 454
415 855
493 927
118 308
155 314
874 958
636 177
928 250
332 370
170 341
265 703
892 410
97 632
773 799
812 827
136 428
190 739
640 972
218 744
438 681
351 948
725 231
949 959
3 45
4 498
649 995
14 687
970 33
990 164
538 301
403 884
101 643
157 913
304 491
265 891
641 556
254 355
934 607
524 991
980 233
528 410
801 906
658 533
755 555
718 605
19 949
295 692
496 902
827 231
828 276
477 418
978 393
836 895
84 516
947 579
206 19
906 845
172 521
324 442
915 761
309 266
220 379
438 422
612 597
888 213
372 430
431 795
505 546
825 740
110 350
864 846
901 583
349 906
197 726
744 259
953 659
987 422
364 556
104 113
30 281
147 31
755 306
265 104
708 900
982 239
366 253
313 372
422 54
170 23
655 44
56 466
663 307
243 868
65 132
446 267
52 902
593 750
299 615
526 170
587 392
256 818
496 407
313 711
103 113
27 113
505 175
644 992
848 587
832 320
580 998
463 226
959 681
638 982
451 593
457 413
540 288
408 135
3 150
121 217
413 747
435 611
23 824
504 62
693 980
434 665
771 810
884 929
650 953
745 509
619 468
306 730
348 230
495 881
390 263
48 234
214 731
567 221
571 6
8 33
557 39
79 487
542 901
447 323
675 36
84 276
208 383
564 756
855 311
522 288
815 933
112 810
33 469
683 383
849 11
522 179
121 992
930 204
739 548
904 463
450 105
41 63
792 260
434 621
315 881
378 263
216 470
270 183
359 740
501 507
392 1
146 16
61 867
869 540
86 286
951 798
607 2
667 335
260 175
361 874
10 185
700 653
592 270
791 806
369 955
346 276
50 470
416 724
348 535
330 38
458 115
299 865
15 648
809 172
993 351
204 674
540 260
819 455
261 301
663 78
611 873
597 710
102 364
840 581
583 503
235 141
155 208
771 249
818 816
153 178
135 774
980 289
213 702
417 613
182 295
844 880
115 832
870 686
323 655
894 250
254 149
385 112
538 950
477 490
978 81
651 381
926 305
159 162
966 566
665 41
498 298
6 787
10 222
577 389
181 279
312 474
21 446
299 180
483 595
559 946
559 198
360 422
379 386
876 854
647 431
252 227
421 728
81 397
483 305
545 286
61 996
532 12
425 392
963 904
583 595
33 211
719 410
517 865
384 611
351 415
139 411
389 254
848 657
109 89
146 485
152 622
947 813
198 401
471 903
554 393
352 801
973 577
852 630
433 736
754 368
187 977
23 335
406 701
613 571
728 299
356 724
640 613
448 18
221 355
188 108
830 903
709 734
767 117
342 749
36 904
496 701
938 556
408 559
268 107
767 441
163 677
405 334
558 892
962 908
361 275
44 462
383 646
842 281
760 167
275 524
97 362
266 201
84 592
379 576
362 798
977 876
111 889
663 534
632 80
836 58
251 522
2 590
901 610
573 773
315 765
560 543
68 979
971 375
487 795
312 357
428 459
690 946
547 775
470 202
772 608
829 881
99 652
411 536
621 751
915 82
215 866
303 383
558 35
679 213
976 90
526 514
213 269
111 503
161 418
346 878
367 532
26 864
669 10
265 476
799 223
89 128
237 8
535 929
627 640
366 623
60 519
795 988
482 465
999 660
122 824
195 556
331 78
454 779
568 883
385 964
665 866
744 883
835 604
229 757
35 720
420 798
485 686
282 518
14 402
52 705
472 195
122 397
70 997
226 191
980 20
486 885
127 109
878 943
754 713
439 827
577 320
466 257
545 674
639 134
970 945
88 814
292 133
758 816
5 888
135 825
12 4
325 475
733 462
202 662
22 469
850 298
499 488
823 253
736 205
333 901
386 480
707 604
870 30
258 678
120 209
777 646
715 826
167 863
745 179
410 652
584 207
505 778
34 240
517 741
976 905
205 474
152 123
891 922
506 968
589 211
275 375
811 857
872 617
638 864
218 119
60 854
405 617
525 872
584 316
769 670
336 402
369 82
130 734
160 287
839 49
39 421
928 168
972 97
533 551
388 498
86 243
326 290
75 110
389 1000
337 752
503 478
490 555
256 819
386 894
518 575
832 466
523 855
397 94
623 686
113 401
635 372
139 747
431 985
697 921
311 297
278 146
502 444
88 352
145 303
454 307
666 687
990 129
3 153
102 321
912 215
813 823
110 844
273 387
990 272
595 448
888 310
301 53
747 13
822 761
842 235
58 346
390 373
620 474
149 537
586 871
70 63
699 76
479 684
975 299
372 284
229 437
46 725
305 365
328 986
440 756
438 387
77 193
45 355
487 978
181 163
495 455
868 675
372 562
980 817
513 930
290 509
185 17
683 382
516 138
333 441
85 552
146 732
977 238
651 877
781 822
526 322
90 1
199 353
355 959
578 413
377 708
854 54
986 886
666 872
693 136
27 318
299 565
216 245
352 179
922 513
373 801
544 499
692 171
182 841
330 980
80 563
944 856
643 374
165 998
520 988
616 532
246 243
625 474
364 266
956 70
667 29
801 855
219 658
15 454
828 8
832 75
435 380
429 211
358 251
127 906
935 841
477 199
466 88
139 322
965 50
748 326
310 489
110 895
500 911
743 125
157 634
784 140
589 599
365 88
286 444
101 269
68 218
696 824
92 192
423 360
119 697
210 375
713 276
567 81
25 826
872 755
449 582
980 742
603 357
911 420
694 92
163 900
916 78
440 383
850 822
327 754
272 892
590 140
574 561
660 58
920 807
103 900
860 513
276 946
479 213
439 582
982 20
35 985
414 576
53 256
57 837
440 187
415 233
995 139
62 214
561 757
549 544
753 77
683 806
96 924
647 899
834 134
869 681
839 411
198 438
365 272
350 124
560 924
52 750
715 102
992 737
430 423
190 945
364 223
663 143
248 448
264 421
175 337
926 846
141 97
877 407
970 11
666 256
443 921
961 964
28 565
891 519
913 857
866 859
903 578
611 712
838 157
261 782
387 735
413 579
951 455
439 147
975 461
118 598
909 975
894 23
418 938
92 53
79 297
713 167
436 570
953 400
862 960
526 222
814 679
764 598
86 590
603 720
106 280
932 534
584 971
82 289
401 711
698 55
789 988
280 196
604 838
928 560
363 885
433 592
387 771
868 970
447 201
180 468
329 950
147 5
938 280
114 550
337 663
808 804
256 411
188 667
905 34
579 151
337 544
636 92
32 434
292 411
296 487
612 213
314 891
860 168
54 19
38 75
916 864
977 609
360 762
446 764
711 176
568 450
52 851
273 90
614 901
481 287
632 969
762 888
322 553
342 556
222 22
478 188
338 531
917 947
3 47
847 694
683 689
921 974
995 867
64 15
126 477
219 685
400 1
437 223
443 933
279 283
670 984
31 874
787 732
404 568
97 58
960 248
870 863
729 557
801 904
823 335
366 654
559 305
706 775
174 273
841 52
144 292
515 311
150 270
634 741
653 413
451 285
234 151
9 259
686 287
853 822
822 431
91 339
897 4
880 764
978 169
301 916
103 520
570 431
163 975
167 815
484 177
176 322
217 538
519 809
948 604
739 701
601 700
